%OpenBCI Raw EEG Data
%Number of channels = 16
%Sample Rate = 125 Hz
%Board = OpenBCI_GUI$BoardCytonSerialDaisy
Sample Index, EXG Channel 0, EXG Channel 1, EXG Channel 2, EXG Channel 3, EXG Channel 4, EXG Channel 5, EXG Channel 6, EXG Channel 7, EXG Channel 8, EXG Channel 9, EXG Channel 10, EXG Channel 11, EXG Channel 12, EXG Channel 13, EXG Channel 14, EXG Channel 15, Accel Channel 0, Accel Channel 1, Accel Channel 2, Other, Other, Other, Other, Other, Other, Other, Analog Channel 0, Analog Channel 1, Analog Channel 2, Timestamp, Other, Timestamp (Formatted)
0.0, -187500.02235174447, -187500.02235174447, -187500.02235174447, -187500.02235174447, -187500.02235174447, -187500.02235174447, -187500.02235174447, -187500.02235174447, -93750.01117587223, -93750.01117587223, -93750.01117587223, -93750.01117587223, -93750.01117587223, -93750.01117587223, -93750.01117587223, -93750.01117587223, 0.0, 0.0, 0.0, 192.0, 0.0, 0.0, 127.5, 48.0, 7.5, 40.0, 0.0, 0.0, 0.0, 1.6714261093222055E9, 0.0, 2022-12-19 10:01:49.322
2.0, -187500.02235174447, -187500.02235174447, -187500.02235174447, -187500.02235174447, -187500.02235174447, -187500.02235174447, -187500.02235174447, -187500.02235174447, -187500.02235174447, -187500.02235174447, -187500.02235174447, -187500.02235174447, -187500.02235174447, -187500.02235174447, -187500.02235174447, -187500.02235174447, 0.0, 0.0, 0.0, 192.0, 0.0, 0.0, 0.0, 0.0, 0.0, 0.0, 0.0, 0.0, 0.0, 1.6714261093222442E9, 0.0, 2022-12-19 10:01:49.322
4.0, -187500.02235174447, -187500.02235174447, -187500.02235174447, -187500.02235174447, -187500.02235174447, -187500.02235174447, -187500.02235174447, -187500.02235174447, -187500.02235174447, -187500.02235174447, -187500.02235174447, -187500.02235174447, -187500.02235174447, -187500.02235174447, -187500.02235174447, -187500.02235174447, 0.0, 0.0, 0.0, 192.0, 0.0, 0.0, 0.0, 0.0, 0.0, 0.0, 0.0, 0.0, 0.0, 1.671426109322273E9, 0.0, 2022-12-19 10:01:49.322
6.0, -187500.02235174447, -187500.02235174447, -187500.02235174447, -187500.02235174447, -187500.02235174447, -187500.02235174447, -187500.02235174447, -187500.02235174447, -187500.02235174447, -187500.02235174447, -187500.02235174447, -187500.02235174447, -187500.02235174447, -187500.02235174447, -187500.02235174447, -187500.02235174447, 0.002, -0.014, 0.372, 192.0, 0.0, 16.0, 127.5, 16.0, 11.5, 32.0, 0.0, 0.0, 0.0, 1.671426109322301E9, 0.0, 2022-12-19 10:01:49.322
8.0, -187500.02235174447, -187500.02235174447, -187500.02235174447, -187500.02235174447, -187500.02235174447, -187500.02235174447, -187500.02235174447, -187500.02235174447, -187500.02235174447, -187500.02235174447, -187500.02235174447, -187500.02235174447, -187500.02235174447, -187500.02235174447, -187500.02235174447, -187500.02235174447, 0.002, -0.014, 0.372, 192.0, 0.0, 0.0, 0.0, 0.0, 0.0, 0.0, 0.0, 0.0, 0.0, 1.6714261093223288E9, 0.0, 2022-12-19 10:01:49.322
10.0, -187500.02235174447, -187500.02235174447, -187500.02235174447, -187500.02235174447, -187500.02235174447, -187500.02235174447, -187500.02235174447, -187500.02235174447, -187500.02235174447, -187500.02235174447, -187500.02235174447, -187500.02235174447, -187500.02235174447, -187500.02235174447, -187500.02235174447, -187500.02235174447, 0.002, -0.014, 0.372, 192.0, 0.0, 0.0, 0.0, 0.0, 0.0, 0.0, 0.0, 0.0, 0.0, 1.6714261093223615E9, 0.0, 2022-12-19 10:01:49.322
12.0, -187500.02235174447, -187500.02235174447, -187500.02235174447, -187500.02235174447, -187500.02235174447, -187500.02235174447, -187500.02235174447, -187500.02235174447, -187500.02235174447, -187500.02235174447, -187500.02235174447, -187500.02235174447, -187500.02235174447, -187500.02235174447, -187500.02235174447, -187500.02235174447, 0.002, -0.014, 0.372, 192.0, 0.0, 0.0, 0.0, 0.0, 0.0, 0.0, 0.0, 0.0, 0.0, 1.6714261093223784E9, 0.0, 2022-12-19 10:01:49.322
14.0, -187500.02235174447, -187500.02235174447, -187500.02235174447, -187500.02235174447, -187500.02235174447, -187500.02235174447, -187500.02235174447, -187500.02235174447, -187500.02235174447, -187500.02235174447, -187500.02235174447, -187500.02235174447, -187500.02235174447, -187500.02235174447, -187500.02235174447, -187500.02235174447, 0.002, -0.014, 0.372, 192.0, 0.0, 0.0, 0.0, 0.0, 0.0, 0.0, 0.0, 0.0, 0.0, 1.6714261093223848E9, 0.0, 2022-12-19 10:01:49.322
16.0, -187500.02235174447, -187500.02235174447, -187500.02235174447, -187500.02235174447, -187500.02235174447, -187500.02235174447, -187500.02235174447, -187500.02235174447, -187500.02235174447, -187500.02235174447, -187500.02235174447, -187500.02235174447, -187500.02235174447, -187500.02235174447, -187500.02235174447, -187500.02235174447, 0.002, -0.034, 0.868, 192.0, 0.0, 8.0, 127.0, 120.0, 13.5, 16.0, 0.0, 0.0, 0.0, 1.6714261093223915E9, 0.0, 2022-12-19 10:01:49.322
18.0, -187500.02235174447, -187500.02235174447, -187500.02235174447, -187500.02235174447, -187500.02235174447, -187500.02235174447, -187500.02235174447, -187500.02235174447, -187500.02235174447, -187500.02235174447, -187500.02235174447, -187500.02235174447, -187500.02235174447, -187500.02235174447, -187500.02235174447, -187500.02235174447, 0.002, -0.034, 0.868, 192.0, 0.0, 0.0, 0.0, 0.0, 0.0, 0.0, 0.0, 0.0, 0.0, 1.671426109322398E9, 0.0, 2022-12-19 10:01:49.322
20.0, -187500.02235174447, -187500.02235174447, -187500.02235174447, -187500.02235174447, -187500.02235174447, -187500.02235174447, -187500.02235174447, -187500.02235174447, -187500.02235174447, -187500.02235174447, -187500.02235174447, -187500.02235174447, -187500.02235174447, -187500.02235174447, -187500.02235174447, -187500.02235174447, 0.002, -0.034, 0.868, 192.0, 0.0, 0.0, 0.0, 0.0, 0.0, 0.0, 0.0, 0.0, 0.0, 1.6714261093224049E9, 0.0, 2022-12-19 10:01:49.322
22.0, -187500.02235174447, -187500.02235174447, -187500.02235174447, -187500.02235174447, -187500.02235174447, -187500.02235174447, -187500.02235174447, -187500.02235174447, -187500.02235174447, -187500.02235174447, -187500.02235174447, -187500.02235174447, -187500.02235174447, -187500.02235174447, -187500.02235174447, -187500.02235174447, 0.002, -0.034, 0.868, 192.0, 0.0, 0.0, 0.0, 0.0, 0.0, 0.0, 0.0, 0.0, 0.0, 1.6714261093224113E9, 0.0, 2022-12-19 10:01:49.322
24.0, -187500.02235174447, -187500.02235174447, -187500.02235174447, -187500.02235174447, -187500.02235174447, -187500.02235174447, -187500.02235174447, -187500.02235174447, -187500.02235174447, -187500.02235174447, -187500.02235174447, -187500.02235174447, -187500.02235174447, -187500.02235174447, -187500.02235174447, -187500.02235174447, 0.002, -0.034, 0.868, 192.0, 0.0, 0.0, 0.0, 0.0, 0.0, 0.0, 0.0, 0.0, 0.0, 1.6714261093224196E9, 0.0, 2022-12-19 10:01:49.322
26.0, -187500.02235174447, -187500.02235174447, -187500.02235174447, -187500.02235174447, -187500.02235174447, -187500.02235174447, -187500.02235174447, -187500.02235174447, -187500.02235174447, -187500.02235174447, -187500.02235174447, -187500.02235174447, -187500.02235174447, -187500.02235174447, -187500.02235174447, -187500.02235174447, 0.008, -0.038, 0.932, 192.0, 0.0, 32.0, 127.0, 104.0, 14.5, 16.0, 0.0, 0.0, 0.0, 1.6714261093224263E9, 0.0, 2022-12-19 10:01:49.322
28.0, -187500.02235174447, -187500.02235174447, -187500.02235174447, -187500.02235174447, -187500.02235174447, -187500.02235174447, -187500.02235174447, -187500.02235174447, -187500.02235174447, -187500.02235174447, -187500.02235174447, -187500.02235174447, -187500.02235174447, -187500.02235174447, -187500.02235174447, -187500.02235174447, 0.008, -0.038, 0.932, 192.0, 0.0, 0.0, 0.0, 0.0, 0.0, 0.0, 0.0, 0.0, 0.0, 1.671426109322433E9, 0.0, 2022-12-19 10:01:49.322
30.0, -187500.02235174447, -187500.02235174447, -187500.02235174447, -187500.02235174447, -187500.02235174447, -187500.02235174447, -187500.02235174447, -187500.02235174447, -187500.02235174447, -187500.02235174447, -187500.02235174447, -187500.02235174447, -187500.02235174447, -187500.02235174447, -187500.02235174447, -187500.02235174447, 0.008, -0.038, 0.932, 192.0, 0.0, 0.0, 0.0, 0.0, 0.0, 0.0, 0.0, 0.0, 0.0, 1.6714261093224401E9, 0.0, 2022-12-19 10:01:49.322
32.0, -187500.02235174447, -187500.02235174447, -187500.02235174447, -187500.02235174447, -187500.02235174447, -187500.02235174447, -187500.02235174447, -187500.02235174447, -187500.02235174447, -187500.02235174447, -187500.02235174447, -187500.02235174447, -187500.02235174447, -187500.02235174447, -187500.02235174447, -187500.02235174447, 0.008, -0.038, 0.932, 192.0, 0.0, 0.0, 0.0, 0.0, 0.0, 0.0, 0.0, 0.0, 0.0, 1.6714261093224523E9, 0.0, 2022-12-19 10:01:49.322
34.0, -187500.02235174447, -187500.02235174447, -187500.02235174447, -187500.02235174447, -187500.02235174447, -187500.02235174447, -187500.02235174447, -187500.02235174447, -187500.02235174447, -187500.02235174447, -187500.02235174447, -187500.02235174447, -187500.02235174447, -187500.02235174447, -187500.02235174447, -187500.02235174447, 0.008, -0.038, 0.932, 192.0, 0.0, 0.0, 0.0, 0.0, 0.0, 0.0, 0.0, 0.0, 0.0, 1.6714261093224587E9, 0.0, 2022-12-19 10:01:49.322
36.0, -187500.02235174447, -187500.02235174447, -187500.02235174447, -187500.02235174447, -187500.02235174447, -187500.02235174447, -187500.02235174447, -187500.02235174447, -187500.02235174447, -187500.02235174447, -187500.02235174447, -187500.02235174447, -187500.02235174447, -187500.02235174447, -187500.02235174447, -187500.02235174447, 0.008, -0.038, 0.962, 192.0, 0.0, 32.0, 127.0, 104.0, 15.0, 8.0, 0.0, 0.0, 0.0, 1.6714261093224654E9, 0.0, 2022-12-19 10:01:49.322
38.0, -187500.02235174447, -187500.02235174447, -187500.02235174447, -187500.02235174447, -187500.02235174447, -187500.02235174447, -187500.02235174447, -187500.02235174447, -187500.02235174447, -187500.02235174447, -187500.02235174447, -187500.02235174447, -187500.02235174447, -187500.02235174447, -187500.02235174447, -187500.02235174447, 0.008, -0.038, 0.962, 192.0, 0.0, 0.0, 0.0, 0.0, 0.0, 0.0, 0.0, 0.0, 0.0, 1.671426109322472E9, 0.0, 2022-12-19 10:01:49.322
40.0, -187500.02235174447, -187500.02235174447, -187500.02235174447, -187500.02235174447, -187500.02235174447, -187500.02235174447, -187500.02235174447, -187500.02235174447, -187500.02235174447, -187500.02235174447, -187500.02235174447, -187500.02235174447, -187500.02235174447, -187500.02235174447, -187500.02235174447, -187500.02235174447, 0.008, -0.038, 0.962, 192.0, 0.0, 0.0, 0.0, 0.0, 0.0, 0.0, 0.0, 0.0, 0.0, 1.6714261093224783E9, 0.0, 2022-12-19 10:01:49.322
42.0, -187500.02235174447, -187500.02235174447, -187500.02235174447, -187500.02235174447, -187500.02235174447, -187500.02235174447, -187500.02235174447, -187500.02235174447, -187500.02235174447, -187500.02235174447, -187500.02235174447, -187500.02235174447, -187500.02235174447, -187500.02235174447, -187500.02235174447, -187500.02235174447, 0.008, -0.038, 0.962, 192.0, 0.0, 0.0, 0.0, 0.0, 0.0, 0.0, 0.0, 0.0, 0.0, 1.6714261093224852E9, 0.0, 2022-12-19 10:01:49.322
44.0, -187500.02235174447, -187500.02235174447, -187500.02235174447, -187500.02235174447, -187500.02235174447, -187500.02235174447, -187500.02235174447, -187500.02235174447, -187500.02235174447, -187500.02235174447, -187500.02235174447, -187500.02235174447, -187500.02235174447, -187500.02235174447, -187500.02235174447, -187500.02235174447, 0.008, -0.038, 0.962, 192.0, 0.0, 0.0, 0.0, 0.0, 0.0, 0.0, 0.0, 0.0, 0.0, 1.6714261093224916E9, 0.0, 2022-12-19 10:01:49.322
46.0, -187500.02235174447, -187500.02235174447, -187500.02235174447, -187500.02235174447, -187500.02235174447, -187500.02235174447, -187500.02235174447, -187500.02235174447, -187500.02235174447, -187500.02235174447, -187500.02235174447, -187500.02235174447, -187500.02235174447, -187500.02235174447, -187500.02235174447, -187500.02235174447, 0.006, -0.04, 0.986, 192.0, 0.0, 24.0, 127.0, 96.0, 15.0, 104.0, 0.0, 0.0, 0.0, 1.671426109322498E9, 0.0, 2022-12-19 10:01:49.322
48.0, -187500.02235174447, -187500.02235174447, -187500.02235174447, -187500.02235174447, -187500.02235174447, -187500.02235174447, -187500.02235174447, -187500.02235174447, -187500.02235174447, -187500.02235174447, -187500.02235174447, -187500.02235174447, -187500.02235174447, -187500.02235174447, -187500.02235174447, -187500.02235174447, 0.006, -0.04, 0.986, 192.0, 0.0, 0.0, 0.0, 0.0, 0.0, 0.0, 0.0, 0.0, 0.0, 1.6714261093225048E9, 0.0, 2022-12-19 10:01:49.322
50.0, -187500.02235174447, -187500.02235174447, -187500.02235174447, -187500.02235174447, -187500.02235174447, -187500.02235174447, -187500.02235174447, -187500.02235174447, -187500.02235174447, -187500.02235174447, -187500.02235174447, -187500.02235174447, -187500.02235174447, -187500.02235174447, -187500.02235174447, -187500.02235174447, 0.006, -0.04, 0.986, 192.0, 0.0, 0.0, 0.0, 0.0, 0.0, 0.0, 0.0, 0.0, 0.0, 1.6714261093225112E9, 0.0, 2022-12-19 10:01:49.322
52.0, -187500.02235174447, -187500.02235174447, -187500.02235174447, -187500.02235174447, -187500.02235174447, -187500.02235174447, -187500.02235174447, -187500.02235174447, -187500.02235174447, -187500.02235174447, -187500.02235174447, -187500.02235174447, -187500.02235174447, -187500.02235174447, -187500.02235174447, -187500.02235174447, 0.006, -0.04, 0.986, 192.0, 0.0, 0.0, 0.0, 0.0, 0.0, 0.0, 0.0, 0.0, 0.0, 1.671426109322518E9, 0.0, 2022-12-19 10:01:49.322
54.0, -187500.02235174447, -187500.02235174447, -187500.02235174447, -187500.02235174447, -187500.02235174447, -187500.02235174447, -187500.02235174447, -187500.02235174447, -187500.02235174447, -187500.02235174447, -187500.02235174447, -187500.02235174447, -187500.02235174447, -187500.02235174447, -187500.02235174447, -187500.02235174447, 0.006, -0.04, 0.986, 192.0, 0.0, 0.0, 0.0, 0.0, 0.0, 0.0, 0.0, 0.0, 0.0, 1.6714261093225243E9, 0.0, 2022-12-19 10:01:49.322
56.0, -187500.02235174447, -187500.02235174447, -187500.02235174447, -187500.02235174447, -187500.02235174447, -187500.02235174447, -187500.02235174447, -187500.02235174447, -187500.02235174447, -187500.02235174447, -187500.02235174447, -187500.02235174447, -187500.02235174447, -187500.02235174447, -187500.02235174447, -187500.02235174447, 0.008, -0.042, 0.99, 192.0, 0.0, 32.0, 127.0, 88.0, 15.0, 120.0, 0.0, 0.0, 0.0, 1.6714261093225307E9, 0.0, 2022-12-19 10:01:49.322
58.0, -187500.02235174447, -187500.02235174447, -187500.02235174447, -187500.02235174447, -187500.02235174447, -187500.02235174447, -187500.02235174447, -187500.02235174447, -187500.02235174447, -187500.02235174447, -187500.02235174447, -187500.02235174447, -187500.02235174447, -187500.02235174447, -187500.02235174447, -187500.02235174447, 0.008, -0.042, 0.99, 192.0, 0.0, 0.0, 0.0, 0.0, 0.0, 0.0, 0.0, 0.0, 0.0, 1.6714261093225374E9, 0.0, 2022-12-19 10:01:49.322
60.0, -187500.02235174447, -187500.02235174447, -187500.02235174447, -187500.02235174447, -187500.02235174447, -187500.02235174447, -187500.02235174447, -187500.02235174447, -187500.02235174447, -187500.02235174447, -187500.02235174447, -187500.02235174447, -187500.02235174447, -187500.02235174447, -187500.02235174447, -187500.02235174447, 0.008, -0.042, 0.99, 192.0, 0.0, 0.0, 0.0, 0.0, 0.0, 0.0, 0.0, 0.0, 0.0, 1.671426109322544E9, 0.0, 2022-12-19 10:01:49.322
62.0, -187500.02235174447, -187500.02235174447, -187500.02235174447, -187500.02235174447, -187500.02235174447, -187500.02235174447, -187500.02235174447, -187500.02235174447, -187500.02235174447, -187500.02235174447, -187500.02235174447, -187500.02235174447, -187500.02235174447, -187500.02235174447, -187500.02235174447, -187500.02235174447, 0.008, -0.042, 0.99, 192.0, 0.0, 0.0, 0.0, 0.0, 0.0, 0.0, 0.0, 0.0, 0.0, 1.6714261093225503E9, 0.0, 2022-12-19 10:01:49.322
64.0, -187500.02235174447, -187500.02235174447, -187500.02235174447, -187500.02235174447, -187500.02235174447, -187500.02235174447, -187500.02235174447, -187500.02235174447, -187500.02235174447, -187500.02235174447, -187500.02235174447, -187500.02235174447, -187500.02235174447, -187500.02235174447, -187500.02235174447, -187500.02235174447, 0.008, -0.041, 0.989, 192.0, 0.0, 32.0, 127.0, 96.0, 15.0, 112.0, 0.0, 0.0, 0.0, 1.67142610932259E9, 0.0, 2022-12-19 10:01:49.322
66.0, -187500.02235174447, -187500.02235174447, -187500.02235174447, -187500.02235174447, -187500.02235174447, -187500.02235174447, -187500.02235174447, -187500.02235174447, -187500.02235174447, -187500.02235174447, -187500.02235174447, -187500.02235174447, -187500.02235174447, -187500.02235174447, -187500.02235174447, -187500.02235174447, 0.008, -0.041, 0.989, 192.0, 0.0, 0.0, 0.0, 0.0, 0.0, 0.0, 0.0, 0.0, 0.0, 1.6714261093225965E9, 0.0, 2022-12-19 10:01:49.322
68.0, -187500.02235174447, -187500.02235174447, -187500.02235174447, -187500.02235174447, -187500.02235174447, -187500.02235174447, -187500.02235174447, -187500.02235174447, -187500.02235174447, -187500.02235174447, -187500.02235174447, -187500.02235174447, -187500.02235174447, -187500.02235174447, -187500.02235174447, -187500.02235174447, 0.008, -0.041, 0.989, 192.0, 0.0, 0.0, 0.0, 0.0, 0.0, 0.0, 0.0, 0.0, 0.0, 1.6714261093226032E9, 0.0, 2022-12-19 10:01:49.322
70.0, -187500.02235174447, -187500.02235174447, -187500.02235174447, -187500.02235174447, -187500.02235174447, -187500.02235174447, -187500.02235174447, -187500.02235174447, -187500.02235174447, -187500.02235174447, -187500.02235174447, -187500.02235174447, -187500.02235174447, -187500.02235174447, -187500.02235174447, -187500.02235174447, 0.008, -0.041, 0.989, 192.0, 0.0, 0.0, 0.0, 0.0, 0.0, 0.0, 0.0, 0.0, 0.0, 1.6714261093226097E9, 0.0, 2022-12-19 10:01:49.322
72.0, -187500.02235174447, -187500.02235174447, -187500.02235174447, -187500.02235174447, -187500.02235174447, -187500.02235174447, -187500.02235174447, -187500.02235174447, -187500.02235174447, -187500.02235174447, -187500.02235174447, -187500.02235174447, -187500.02235174447, -187500.02235174447, -187500.02235174447, -187500.02235174447, 0.008, -0.041, 0.989, 192.0, 0.0, 0.0, 0.0, 0.0, 0.0, 0.0, 0.0, 0.0, 0.0, 1.6714261093226163E9, 0.0, 2022-12-19 10:01:49.322
74.0, -187500.02235174447, -187500.02235174447, -187500.02235174447, -187500.02235174447, -187500.02235174447, -187500.02235174447, -187500.02235174447, -187500.02235174447, -187500.02235174447, -187500.02235174447, -187500.02235174447, -187500.02235174447, -187500.02235174447, -187500.02235174447, -187500.02235174447, -187500.02235174447, 0.006, -0.0435, 0.9895, 192.0, 0.0, 16.0, 127.0, 72.0, 15.0, 120.0, 0.0, 0.0, 0.0, 1.6714261093226228E9, 0.0, 2022-12-19 10:01:49.322
76.0, -187500.02235174447, -187500.02235174447, -187500.02235174447, -187500.02235174447, -187500.02235174447, -187500.02235174447, -187500.02235174447, -187500.02235174447, -187500.02235174447, -187500.02235174447, -187500.02235174447, -187500.02235174447, -187500.02235174447, -187500.02235174447, -187500.02235174447, -187500.02235174447, 0.006, -0.0435, 0.9895, 192.0, 0.0, 0.0, 0.0, 0.0, 0.0, 0.0, 0.0, 0.0, 0.0, 1.6714261093226297E9, 0.0, 2022-12-19 10:01:49.322
78.0, -187500.02235174447, -187500.02235174447, -187500.02235174447, -187500.02235174447, -187500.02235174447, -187500.02235174447, -187500.02235174447, -187500.02235174447, -187500.02235174447, -187500.02235174447, -187500.02235174447, -187500.02235174447, -187500.02235174447, -187500.02235174447, -187500.02235174447, -187500.02235174447, 0.006, -0.0435, 0.9895, 192.0, 0.0, 0.0, 0.0, 0.0, 0.0, 0.0, 0.0, 0.0, 0.0, 1.671426109322636E9, 0.0, 2022-12-19 10:01:49.322
80.0, -187500.02235174447, -187500.02235174447, -187500.02235174447, -187500.02235174447, -187500.02235174447, -187500.02235174447, -187500.02235174447, -187500.02235174447, -187500.02235174447, -187500.02235174447, -187500.02235174447, -187500.02235174447, -187500.02235174447, -187500.02235174447, -187500.02235174447, -187500.02235174447, 0.006, -0.0435, 0.9895, 192.0, 0.0, 0.0, 0.0, 0.0, 0.0, 0.0, 0.0, 0.0, 0.0, 1.6714261093226428E9, 0.0, 2022-12-19 10:01:49.322
82.0, -187500.02235174447, -187500.02235174447, -187500.02235174447, -187500.02235174447, -187500.02235174447, -187500.02235174447, -187500.02235174447, -187500.02235174447, -187500.02235174447, -187500.02235174447, -187500.02235174447, -187500.02235174447, -187500.02235174447, -187500.02235174447, -187500.02235174447, -187500.02235174447, 0.006, -0.0435, 0.9895, 192.0, 0.0, 0.0, 0.0, 0.0, 0.0, 0.0, 0.0, 0.0, 0.0, 1.6714261093226492E9, 0.0, 2022-12-19 10:01:49.322
84.0, -187500.02235174447, -187500.02235174447, -187500.02235174447, -187500.02235174447, -187500.02235174447, -187500.02235174447, -187500.02235174447, -187500.02235174447, -187500.02235174447, -187500.02235174447, -187500.02235174447, -187500.02235174447, -187500.02235174447, -187500.02235174447, -187500.02235174447, -187500.02235174447, 0.008, -0.042749999999999996, 0.98975, 192.0, 0.0, 40.0, 127.0, 88.0, 15.0, 120.0, 0.0, 0.0, 0.0, 1.671426109322656E9, 0.0, 2022-12-19 10:01:49.322
86.0, -187500.02235174447, -187500.02235174447, -187500.02235174447, -187500.02235174447, -187500.02235174447, -187500.02235174447, -187500.02235174447, -187500.02235174447, -187500.02235174447, -187500.02235174447, -187500.02235174447, -187500.02235174447, -187500.02235174447, -187500.02235174447, -187500.02235174447, -187500.02235174447, 0.008, -0.042749999999999996, 0.98975, 192.0, 0.0, 0.0, 0.0, 0.0, 0.0, 0.0, 0.0, 0.0, 0.0, 1.671426109322663E9, 0.0, 2022-12-19 10:01:49.322
88.0, -187500.02235174447, -187500.02235174447, -187500.02235174447, -187500.02235174447, -187500.02235174447, -187500.02235174447, -187500.02235174447, -187500.02235174447, -187500.02235174447, -187500.02235174447, -187500.02235174447, -187500.02235174447, -187500.02235174447, -187500.02235174447, -187500.02235174447, -187500.02235174447, 0.008, -0.042749999999999996, 0.98975, 192.0, 0.0, 0.0, 0.0, 0.0, 0.0, 0.0, 0.0, 0.0, 0.0, 1.6714261093226697E9, 0.0, 2022-12-19 10:01:49.322
90.0, -187500.02235174447, -187500.02235174447, -187500.02235174447, -187500.02235174447, -187500.02235174447, -187500.02235174447, -187500.02235174447, -187500.02235174447, -187500.02235174447, -187500.02235174447, -187500.02235174447, -187500.02235174447, -187500.02235174447, -187500.02235174447, -187500.02235174447, -187500.02235174447, 0.008, -0.042749999999999996, 0.98975, 192.0, 0.0, 0.0, 0.0, 0.0, 0.0, 0.0, 0.0, 0.0, 0.0, 1.6714261093226764E9, 0.0, 2022-12-19 10:01:49.322
92.0, -187500.02235174447, -187500.02235174447, -187500.02235174447, -187500.02235174447, -187500.02235174447, -187500.02235174447, -187500.02235174447, -187500.02235174447, -187500.02235174447, -187500.02235174447, -187500.02235174447, -187500.02235174447, -187500.02235174447, -187500.02235174447, -187500.02235174447, -187500.02235174447, 0.008, -0.042749999999999996, 0.98975, 192.0, 0.0, 0.0, 0.0, 0.0, 0.0, 0.0, 0.0, 0.0, 0.0, 1.6714261093226829E9, 0.0, 2022-12-19 10:01:49.322
94.0, -187500.02235174447, -187500.02235174447, -187500.02235174447, -187500.02235174447, -187500.02235174447, -187500.02235174447, -187500.02235174447, -187500.02235174447, -187500.02235174447, -187500.02235174447, -187500.02235174447, -187500.02235174447, -187500.02235174447, -187500.02235174447, -187500.02235174447, -187500.02235174447, 0.009000000000000001, -0.042374999999999996, 0.990875, 192.0, 0.0, 40.0, 127.0, 88.0, 15.5, 0.0, 0.0, 0.0, 0.0, 1.6714261093226893E9, 0.0, 2022-12-19 10:01:49.322
96.0, -187500.02235174447, -187500.02235174447, -187500.02235174447, -187500.02235174447, -187500.02235174447, -187500.02235174447, -187500.02235174447, -187500.02235174447, -187500.02235174447, -187500.02235174447, -187500.02235174447, -187500.02235174447, -187500.02235174447, -187500.02235174447, -187500.02235174447, -187500.02235174447, 0.009000000000000001, -0.042374999999999996, 0.990875, 192.0, 0.0, 0.0, 0.0, 0.0, 0.0, 0.0, 0.0, 0.0, 0.0, 1.6714261093226972E9, 0.0, 2022-12-19 10:01:49.322
98.0, -187500.02235174447, -187500.02235174447, -187500.02235174447, -187500.02235174447, -187500.02235174447, -187500.02235174447, -187500.02235174447, -187500.02235174447, -187500.02235174447, -187500.02235174447, -187500.02235174447, -187500.02235174447, -187500.02235174447, -187500.02235174447, -187500.02235174447, -187500.02235174447, 0.009000000000000001, -0.042374999999999996, 0.990875, 192.0, 0.0, 0.0, 0.0, 0.0, 0.0, 0.0, 0.0, 0.0, 0.0, 1.671426109322704E9, 0.0, 2022-12-19 10:01:49.322
100.0, -187500.02235174447, -187500.02235174447, -187500.02235174447, -187500.02235174447, -187500.02235174447, -187500.02235174447, -187500.02235174447, -187500.02235174447, -187500.02235174447, -187500.02235174447, -187500.02235174447, -187500.02235174447, -187500.02235174447, -187500.02235174447, -187500.02235174447, -187500.02235174447, 0.009000000000000001, -0.042374999999999996, 0.990875, 192.0, 0.0, 0.0, 0.0, 0.0, 0.0, 0.0, 0.0, 0.0, 0.0, 1.6714261093227105E9, 0.0, 2022-12-19 10:01:49.322
102.0, -187500.02235174447, -187500.02235174447, -187500.02235174447, -187500.02235174447, -187500.02235174447, -187500.02235174447, -187500.02235174447, -187500.02235174447, -187500.02235174447, -187500.02235174447, -187500.02235174447, -187500.02235174447, -187500.02235174447, -187500.02235174447, -187500.02235174447, -187500.02235174447, 0.009000000000000001, -0.042374999999999996, 0.990875, 192.0, 0.0, 0.0, 0.0, 0.0, 0.0, 0.0, 0.0, 0.0, 0.0, 1.6714261093227172E9, 0.0, 2022-12-19 10:01:49.322
104.0, -187500.02235174447, -187500.02235174447, -187500.02235174447, -187500.02235174447, -187500.02235174447, -187500.02235174447, -187500.02235174447, -187500.02235174447, -187500.02235174447, -187500.02235174447, -187500.02235174447, -187500.02235174447, -187500.02235174447, -187500.02235174447, -187500.02235174447, -187500.02235174447, 0.0085, -0.0421875, 0.9904375, 192.0, 0.0, 32.0, 127.0, 88.0, 15.0, 120.0, 0.0, 0.0, 0.0, 1.671426109322724E9, 0.0, 2022-12-19 10:01:49.322
106.0, -187500.02235174447, -187500.02235174447, -187500.02235174447, -187500.02235174447, -187500.02235174447, -187500.02235174447, -187500.02235174447, -187500.02235174447, -187500.02235174447, -187500.02235174447, -187500.02235174447, -187500.02235174447, -187500.02235174447, -187500.02235174447, -187500.02235174447, -187500.02235174447, 0.0085, -0.0421875, 0.9904375, 192.0, 0.0, 0.0, 0.0, 0.0, 0.0, 0.0, 0.0, 0.0, 0.0, 1.6714261093227303E9, 0.0, 2022-12-19 10:01:49.322
108.0, -187500.02235174447, -187500.02235174447, -187500.02235174447, -187500.02235174447, -187500.02235174447, -187500.02235174447, -187500.02235174447, -187500.02235174447, -187500.02235174447, -187500.02235174447, -187500.02235174447, -187500.02235174447, -187500.02235174447, -187500.02235174447, -187500.02235174447, -187500.02235174447, 0.0085, -0.0421875, 0.9904375, 192.0, 0.0, 0.0, 0.0, 0.0, 0.0, 0.0, 0.0, 0.0, 0.0, 1.671426109322737E9, 0.0, 2022-12-19 10:01:49.322
110.0, -187500.02235174447, -187500.02235174447, -187500.02235174447, -187500.02235174447, -187500.02235174447, -187500.02235174447, -187500.02235174447, -187500.02235174447, -187500.02235174447, -187500.02235174447, -187500.02235174447, -187500.02235174447, -187500.02235174447, -187500.02235174447, -187500.02235174447, -187500.02235174447, 0.0085, -0.0421875, 0.9904375, 192.0, 0.0, 0.0, 0.0, 0.0, 0.0, 0.0, 0.0, 0.0, 0.0, 1.671426109322743E9, 0.0, 2022-12-19 10:01:49.322
112.0, -187500.02235174447, -187500.02235174447, -187500.02235174447, -187500.02235174447, -187500.02235174447, -187500.02235174447, -187500.02235174447, -187500.02235174447, -187500.02235174447, -187500.02235174447, -187500.02235174447, -187500.02235174447, -187500.02235174447, -187500.02235174447, -187500.02235174447, -187500.02235174447, 0.0085, -0.0421875, 0.9904375, 192.0, 0.0, 0.0, 0.0, 0.0, 0.0, 0.0, 0.0, 0.0, 0.0, 1.6714261093227482E9, 0.0, 2022-12-19 10:01:49.322
114.0, -187500.02235174447, -187500.02235174447, -187500.02235174447, -187500.02235174447, -187500.02235174447, -187500.02235174447, -187500.02235174447, -187500.02235174447, -187500.02235174447, -187500.02235174447, -187500.02235174447, -187500.02235174447, -187500.02235174447, -187500.02235174447, -187500.02235174447, -187500.02235174447, 0.006, -0.04, 0.99, 192.0, 0.0, 24.0, 127.0, 96.0, 15.0, 120.0, 0.0, 0.0, 0.0, 1.6714261093227537E9, 0.0, 2022-12-19 10:01:49.322
116.0, -187500.02235174447, -187500.02235174447, -187500.02235174447, -187500.02235174447, -187500.02235174447, -187500.02235174447, -187500.02235174447, -187500.02235174447, -187500.02235174447, -187500.02235174447, -187500.02235174447, -187500.02235174447, -187500.02235174447, -187500.02235174447, -187500.02235174447, -187500.02235174447, 0.006, -0.04, 0.99, 192.0, 0.0, 0.0, 0.0, 0.0, 0.0, 0.0, 0.0, 0.0, 0.0, 1.671426109322759E9, 0.0, 2022-12-19 10:01:49.322
118.0, -187500.02235174447, -187500.02235174447, -187500.02235174447, -187500.02235174447, -187500.02235174447, -187500.02235174447, -187500.02235174447, -187500.02235174447, -187500.02235174447, -187500.02235174447, -187500.02235174447, -187500.02235174447, -187500.02235174447, -187500.02235174447, -187500.02235174447, -187500.02235174447, 0.006, -0.04, 0.99, 192.0, 0.0, 0.0, 0.0, 0.0, 0.0, 0.0, 0.0, 0.0, 0.0, 1.671426109322764E9, 0.0, 2022-12-19 10:01:49.322
120.0, -187500.02235174447, -187500.02235174447, -187500.02235174447, -187500.02235174447, -187500.02235174447, -187500.02235174447, -187500.02235174447, -187500.02235174447, -187500.02235174447, -187500.02235174447, -187500.02235174447, -187500.02235174447, -187500.02235174447, -187500.02235174447, -187500.02235174447, -187500.02235174447, 0.006, -0.04, 0.99, 192.0, 0.0, 0.0, 0.0, 0.0, 0.0, 0.0, 0.0, 0.0, 0.0, 1.6714261098014872E9, 0.0, 2022-12-19 10:01:49.801
122.0, -187500.02235174447, -187500.02235174447, -187500.02235174447, -187500.02235174447, -187500.02235174447, -187500.02235174447, -187500.02235174447, -187500.02235174447, -187500.02235174447, -187500.02235174447, -187500.02235174447, -187500.02235174447, -187500.02235174447, -187500.02235174447, -187500.02235174447, -187500.02235174447, 0.006, -0.04, 0.99, 192.0, 0.0, 0.0, 0.0, 0.0, 0.0, 0.0, 0.0, 0.0, 0.0, 1.6714261098015273E9, 0.0, 2022-12-19 10:01:49.801
124.0, -187500.02235174447, -187500.02235174447, -187500.02235174447, -187500.02235174447, -187500.02235174447, -187500.02235174447, -187500.02235174447, -187500.02235174447, -187500.02235174447, -187500.02235174447, -187500.02235174447, -187500.02235174447, -187500.02235174447, -187500.02235174447, -187500.02235174447, -187500.02235174447, 0.008, -0.042, 0.994, 192.0, 0.0, 32.0, 127.0, 88.0, 15.5, 8.0, 0.0, 0.0, 0.0, 1.6714261098015647E9, 0.0, 2022-12-19 10:01:49.801
126.0, -187500.02235174447, -187500.02235174447, -187500.02235174447, -187500.02235174447, -187500.02235174447, -187500.02235174447, -187500.02235174447, -187500.02235174447, -187500.02235174447, -187500.02235174447, -187500.02235174447, -187500.02235174447, -187500.02235174447, -187500.02235174447, -187500.02235174447, -187500.02235174447, 0.008, -0.042, 0.994, 192.0, 0.0, 0.0, 0.0, 0.0, 0.0, 0.0, 0.0, 0.0, 0.0, 1.6714261098016021E9, 0.0, 2022-12-19 10:01:49.801
128.0, -187500.02235174447, -187500.02235174447, -187500.02235174447, -187500.02235174447, -187500.02235174447, -187500.02235174447, -187500.02235174447, -187500.02235174447, -187500.02235174447, -187500.02235174447, -187500.02235174447, -187500.02235174447, -187500.02235174447, -187500.02235174447, -187500.02235174447, -187500.02235174447, 0.008, -0.042, 0.994, 192.0, 0.0, 0.0, 0.0, 0.0, 0.0, 0.0, 0.0, 0.0, 0.0, 1.6714261098016543E9, 0.0, 2022-12-19 10:01:49.801
130.0, -187500.02235174447, -187500.02235174447, -187500.02235174447, -187500.02235174447, -187500.02235174447, -187500.02235174447, -187500.02235174447, -187500.02235174447, -187500.02235174447, -187500.02235174447, -187500.02235174447, -187500.02235174447, -187500.02235174447, -187500.02235174447, -187500.02235174447, -187500.02235174447, 0.008, -0.042, 0.994, 192.0, 0.0, 0.0, 0.0, 0.0, 0.0, 0.0, 0.0, 0.0, 0.0, 1.671426109801694E9, 0.0, 2022-12-19 10:01:49.801
132.0, -187500.02235174447, -187500.02235174447, -187500.02235174447, -187500.02235174447, -187500.02235174447, -187500.02235174447, -187500.02235174447, -187500.02235174447, -187500.02235174447, -187500.02235174447, -187500.02235174447, -187500.02235174447, -187500.02235174447, -187500.02235174447, -187500.02235174447, -187500.02235174447, 0.008, -0.042, 0.994, 192.0, 0.0, 0.0, 0.0, 0.0, 0.0, 0.0, 0.0, 0.0, 0.0, 1.6714261098017352E9, 0.0, 2022-12-19 10:01:49.801
134.0, -187500.02235174447, -187500.02235174447, -187500.02235174447, -187500.02235174447, -187500.02235174447, -187500.02235174447, -187500.02235174447, -187500.02235174447, -187500.02235174447, -187500.02235174447, -187500.02235174447, -187500.02235174447, -187500.02235174447, -187500.02235174447, -187500.02235174447, -187500.02235174447, 0.006, -0.036000000000000004, 0.992, 192.0, 0.0, 24.0, 127.0, 112.0, 15.5, 0.0, 0.0, 0.0, 0.0, 1.671426109801758E9, 0.0, 2022-12-19 10:01:49.801
136.0, -187500.02235174447, -187500.02235174447, -187500.02235174447, -187500.02235174447, -187500.02235174447, -187500.02235174447, -187500.02235174447, -187500.02235174447, -187500.02235174447, -187500.02235174447, -187500.02235174447, -187500.02235174447, -187500.02235174447, -187500.02235174447, -187500.02235174447, -187500.02235174447, 0.006, -0.036000000000000004, 0.992, 192.0, 0.0, 0.0, 0.0, 0.0, 0.0, 0.0, 0.0, 0.0, 0.0, 1.6714261098017647E9, 0.0, 2022-12-19 10:01:49.801
138.0, -187500.02235174447, -187500.02235174447, -187500.02235174447, -187500.02235174447, -187500.02235174447, -187500.02235174447, -187500.02235174447, -187500.02235174447, -187500.02235174447, -187500.02235174447, -187500.02235174447, -187500.02235174447, -187500.02235174447, -187500.02235174447, -187500.02235174447, -187500.02235174447, 0.006, -0.036000000000000004, 0.992, 192.0, 0.0, 0.0, 0.0, 0.0, 0.0, 0.0, 0.0, 0.0, 0.0, 1.6714261098017716E9, 0.0, 2022-12-19 10:01:49.801
140.0, -187500.02235174447, -187500.02235174447, -187500.02235174447, -187500.02235174447, -187500.02235174447, -187500.02235174447, -187500.02235174447, -187500.02235174447, -187500.02235174447, -187500.02235174447, -187500.02235174447, -187500.02235174447, -187500.02235174447, -187500.02235174447, -187500.02235174447, -187500.02235174447, 0.006, -0.036000000000000004, 0.992, 192.0, 0.0, 0.0, 0.0, 0.0, 0.0, 0.0, 0.0, 0.0, 0.0, 1.6714261098017786E9, 0.0, 2022-12-19 10:01:49.801
142.0, -187500.02235174447, -187500.02235174447, -187500.02235174447, -187500.02235174447, -187500.02235174447, -187500.02235174447, -187500.02235174447, -187500.02235174447, -187500.02235174447, -187500.02235174447, -187500.02235174447, -187500.02235174447, -187500.02235174447, -187500.02235174447, -187500.02235174447, -187500.02235174447, 0.006, -0.036000000000000004, 0.992, 192.0, 0.0, 0.0, 0.0, 0.0, 0.0, 0.0, 0.0, 0.0, 0.0, 1.6714261098017855E9, 0.0, 2022-12-19 10:01:49.801
144.0, -187500.02235174447, -187500.02235174447, -187500.02235174447, -187500.02235174447, -187500.02235174447, -187500.02235174447, -187500.02235174447, -187500.02235174447, -187500.02235174447, -187500.02235174447, -187500.02235174447, -187500.02235174447, -187500.02235174447, -187500.02235174447, -187500.02235174447, -187500.02235174447, 0.01, -0.04, 0.992, 192.0, 0.0, 40.0, 127.0, 96.0, 15.5, 0.0, 0.0, 0.0, 0.0, 1.671426109801792E9, 0.0, 2022-12-19 10:01:49.801
146.0, -187500.02235174447, -187500.02235174447, -187500.02235174447, -187500.02235174447, -187500.02235174447, -187500.02235174447, -187500.02235174447, -187500.02235174447, -187500.02235174447, -187500.02235174447, -187500.02235174447, -187500.02235174447, -187500.02235174447, -187500.02235174447, -187500.02235174447, -187500.02235174447, 0.01, -0.04, 0.992, 192.0, 0.0, 0.0, 0.0, 0.0, 0.0, 0.0, 0.0, 0.0, 0.0, 1.6714261098017988E9, 0.0, 2022-12-19 10:01:49.801
148.0, -187500.02235174447, -187500.02235174447, -187500.02235174447, -187500.02235174447, -187500.02235174447, -187500.02235174447, -187500.02235174447, -187500.02235174447, -187500.02235174447, -187500.02235174447, -187500.02235174447, -187500.02235174447, -187500.02235174447, -187500.02235174447, -187500.02235174447, -187500.02235174447, 0.01, -0.04, 0.992, 192.0, 0.0, 0.0, 0.0, 0.0, 0.0, 0.0, 0.0, 0.0, 0.0, 1.6714261098018053E9, 0.0, 2022-12-19 10:01:49.801
150.0, -187500.02235174447, -187500.02235174447, -187500.02235174447, -187500.02235174447, -187500.02235174447, -187500.02235174447, -187500.02235174447, -187500.02235174447, -187500.02235174447, -187500.02235174447, -187500.02235174447, -187500.02235174447, -187500.02235174447, -187500.02235174447, -187500.02235174447, -187500.02235174447, 0.01, -0.04, 0.992, 192.0, 0.0, 0.0, 0.0, 0.0, 0.0, 0.0, 0.0, 0.0, 0.0, 1.671426109801812E9, 0.0, 2022-12-19 10:01:49.801
152.0, -187500.02235174447, -187500.02235174447, -187500.02235174447, -187500.02235174447, -187500.02235174447, -187500.02235174447, -187500.02235174447, -187500.02235174447, -187500.02235174447, -187500.02235174447, -187500.02235174447, -187500.02235174447, -187500.02235174447, -187500.02235174447, -187500.02235174447, -187500.02235174447, 0.01, -0.04, 0.992, 192.0, 0.0, 0.0, 0.0, 0.0, 0.0, 0.0, 0.0, 0.0, 0.0, 1.6714261098018184E9, 0.0, 2022-12-19 10:01:49.801
154.0, -187500.02235174447, -187500.02235174447, -187500.02235174447, -187500.02235174447, -187500.02235174447, -187500.02235174447, -187500.02235174447, -187500.02235174447, -187500.02235174447, -187500.02235174447, -187500.02235174447, -187500.02235174447, -187500.02235174447, -187500.02235174447, -187500.02235174447, -187500.02235174447, 0.006, -0.04, 0.992, 192.0, 0.0, 24.0, 127.0, 96.0, 15.5, 0.0, 0.0, 0.0, 0.0, 1.6714261098018253E9, 0.0, 2022-12-19 10:01:49.801
156.0, -187500.02235174447, -187500.02235174447, -187500.02235174447, -187500.02235174447, -187500.02235174447, -187500.02235174447, -187500.02235174447, -187500.02235174447, -187500.02235174447, -187500.02235174447, -187500.02235174447, -187500.02235174447, -187500.02235174447, -187500.02235174447, -187500.02235174447, -187500.02235174447, 0.006, -0.04, 0.992, 192.0, 0.0, 0.0, 0.0, 0.0, 0.0, 0.0, 0.0, 0.0, 0.0, 1.6714261098018317E9, 0.0, 2022-12-19 10:01:49.801
158.0, -187500.02235174447, -187500.02235174447, -187500.02235174447, -187500.02235174447, -187500.02235174447, -187500.02235174447, -187500.02235174447, -187500.02235174447, -187500.02235174447, -187500.02235174447, -187500.02235174447, -187500.02235174447, -187500.02235174447, -187500.02235174447, -187500.02235174447, -187500.02235174447, 0.006, -0.04, 0.992, 192.0, 0.0, 0.0, 0.0, 0.0, 0.0, 0.0, 0.0, 0.0, 0.0, 1.6714261098018384E9, 0.0, 2022-12-19 10:01:49.801
160.0, -187500.02235174447, -187500.02235174447, -187500.02235174447, -187500.02235174447, -187500.02235174447, -187500.02235174447, -187500.02235174447, -187500.02235174447, -187500.02235174447, -187500.02235174447, -187500.02235174447, -187500.02235174447, -187500.02235174447, -187500.02235174447, -187500.02235174447, -187500.02235174447, 0.006, -0.04, 0.992, 192.0, 0.0, 0.0, 0.0, 0.0, 0.0, 0.0, 0.0, 0.0, 0.0, 1.6714261098018467E9, 0.0, 2022-12-19 10:01:49.801
162.0, -187500.02235174447, -187500.02235174447, -187500.02235174447, -187500.02235174447, -187500.02235174447, -187500.02235174447, -187500.02235174447, -187500.02235174447, -187500.02235174447, -187500.02235174447, -187500.02235174447, -187500.02235174447, -187500.02235174447, -187500.02235174447, -187500.02235174447, -187500.02235174447, 0.006, -0.04, 0.992, 192.0, 0.0, 0.0, 0.0, 0.0, 0.0, 0.0, 0.0, 0.0, 0.0, 1.671426109801855E9, 0.0, 2022-12-19 10:01:49.801
164.0, -187500.02235174447, -187500.02235174447, -187500.02235174447, -187500.02235174447, -187500.02235174447, -187500.02235174447, -187500.02235174447, -187500.02235174447, -187500.02235174447, -187500.02235174447, -187500.02235174447, -187500.02235174447, -187500.02235174447, -187500.02235174447, -187500.02235174447, -187500.02235174447, 0.006, -0.044, 0.988, 192.0, 0.0, 24.0, 127.0, 80.0, 15.0, 112.0, 0.0, 0.0, 0.0, 1.6714261098018615E9, 0.0, 2022-12-19 10:01:49.801
166.0, -187500.02235174447, -187500.02235174447, -187500.02235174447, -187500.02235174447, -187500.02235174447, -187500.02235174447, -187500.02235174447, -187500.02235174447, -187500.02235174447, -187500.02235174447, -187500.02235174447, -187500.02235174447, -187500.02235174447, -187500.02235174447, -187500.02235174447, -187500.02235174447, 0.006, -0.044, 0.988, 192.0, 0.0, 0.0, 0.0, 0.0, 0.0, 0.0, 0.0, 0.0, 0.0, 1.6714261098018682E9, 0.0, 2022-12-19 10:01:49.801
168.0, -187500.02235174447, -187500.02235174447, -187500.02235174447, -187500.02235174447, -187500.02235174447, -187500.02235174447, -187500.02235174447, -187500.02235174447, -187500.02235174447, -187500.02235174447, -187500.02235174447, -187500.02235174447, -187500.02235174447, -187500.02235174447, -187500.02235174447, -187500.02235174447, 0.006, -0.044, 0.988, 192.0, 0.0, 0.0, 0.0, 0.0, 0.0, 0.0, 0.0, 0.0, 0.0, 1.6714261098018749E9, 0.0, 2022-12-19 10:01:49.801
170.0, -187500.02235174447, -187500.02235174447, -187500.02235174447, -187500.02235174447, -187500.02235174447, -187500.02235174447, -187500.02235174447, -187500.02235174447, -187500.02235174447, -187500.02235174447, -187500.02235174447, -187500.02235174447, -187500.02235174447, -187500.02235174447, -187500.02235174447, -187500.02235174447, 0.006, -0.044, 0.988, 192.0, 0.0, 0.0, 0.0, 0.0, 0.0, 0.0, 0.0, 0.0, 0.0, 1.6714261098018887E9, 0.0, 2022-12-19 10:01:49.801
172.0, -187500.02235174447, -187500.02235174447, -187500.02235174447, -187500.02235174447, -187500.02235174447, -187500.02235174447, -187500.02235174447, -187500.02235174447, -187500.02235174447, -187500.02235174447, -187500.02235174447, -187500.02235174447, -187500.02235174447, -187500.02235174447, -187500.02235174447, -187500.02235174447, 0.009000000000000001, -0.044, 0.987, 192.0, 0.0, 48.0, 127.0, 80.0, 15.0, 104.0, 0.0, 0.0, 0.0, 1.6714261098018956E9, 0.0, 2022-12-19 10:01:49.801
174.0, -187500.02235174447, -187500.02235174447, -187500.02235174447, -187500.02235174447, -187500.02235174447, -187500.02235174447, -187500.02235174447, -187500.02235174447, -187500.02235174447, -187500.02235174447, -187500.02235174447, -187500.02235174447, -187500.02235174447, -187500.02235174447, -187500.02235174447, -187500.02235174447, 0.009000000000000001, -0.044, 0.987, 192.0, 0.0, 0.0, 0.0, 0.0, 0.0, 0.0, 0.0, 0.0, 0.0, 1.6714261098019023E9, 0.0, 2022-12-19 10:01:49.801
176.0, -187500.02235174447, -187500.02235174447, -187500.02235174447, -187500.02235174447, -187500.02235174447, -187500.02235174447, -187500.02235174447, -187500.02235174447, -187500.02235174447, -187500.02235174447, -187500.02235174447, -187500.02235174447, -187500.02235174447, -187500.02235174447, -187500.02235174447, -187500.02235174447, 0.009000000000000001, -0.044, 0.987, 192.0, 0.0, 0.0, 0.0, 0.0, 0.0, 0.0, 0.0, 0.0, 0.0, 1.671426109801909E9, 0.0, 2022-12-19 10:01:49.801
178.0, -187500.02235174447, -187500.02235174447, -187500.02235174447, -187500.02235174447, -187500.02235174447, -187500.02235174447, -187500.02235174447, -187500.02235174447, -187500.02235174447, -187500.02235174447, -187500.02235174447, -187500.02235174447, -187500.02235174447, -187500.02235174447, -187500.02235174447, -187500.02235174447, 0.009000000000000001, -0.044, 0.987, 192.0, 0.0, 0.0, 0.0, 0.0, 0.0, 0.0, 0.0, 0.0, 0.0, 1.671426109801916E9, 0.0, 2022-12-19 10:01:49.801
180.0, -187500.02235174447, -187500.02235174447, -187500.02235174447, -187500.02235174447, -187500.02235174447, -187500.02235174447, -187500.02235174447, -187500.02235174447, -187500.02235174447, -187500.02235174447, -187500.02235174447, -187500.02235174447, -187500.02235174447, -187500.02235174447, -187500.02235174447, -187500.02235174447, 0.009000000000000001, -0.044, 0.987, 192.0, 0.0, 0.0, 0.0, 0.0, 0.0, 0.0, 0.0, 0.0, 0.0, 1.6714261098019316E9, 0.0, 2022-12-19 10:01:49.801
182.0, -187500.02235174447, -187500.02235174447, -187500.02235174447, -187500.02235174447, -187500.02235174447, -187500.02235174447, -187500.02235174447, -187500.02235174447, -187500.02235174447, -187500.02235174447, -187500.02235174447, -187500.02235174447, -187500.02235174447, -187500.02235174447, -187500.02235174447, -187500.02235174447, 0.0105, -0.044, 0.9864999999999999, 192.0, 0.0, 48.0, 127.0, 80.0, 15.0, 104.0, 0.0, 0.0, 0.0, 1.6714261098019383E9, 0.0, 2022-12-19 10:01:49.801
184.0, -187500.02235174447, -187500.02235174447, -187500.02235174447, -187500.02235174447, -187500.02235174447, -187500.02235174447, -187500.02235174447, -187500.02235174447, -187500.02235174447, -187500.02235174447, -187500.02235174447, -187500.02235174447, -187500.02235174447, -187500.02235174447, -187500.02235174447, -187500.02235174447, 0.0105, -0.044, 0.9864999999999999, 192.0, 0.0, 0.0, 0.0, 0.0, 0.0, 0.0, 0.0, 0.0, 0.0, 1.671426109801945E9, 0.0, 2022-12-19 10:01:49.801
186.0, -187500.02235174447, -187500.02235174447, -187500.02235174447, -187500.02235174447, -187500.02235174447, -187500.02235174447, -187500.02235174447, -187500.02235174447, -187500.02235174447, -187500.02235174447, -187500.02235174447, -187500.02235174447, -187500.02235174447, -187500.02235174447, -187500.02235174447, -187500.02235174447, 0.0105, -0.044, 0.9864999999999999, 192.0, 0.0, 0.0, 0.0, 0.0, 0.0, 0.0, 0.0, 0.0, 0.0, 1.671426109801952E9, 0.0, 2022-12-19 10:01:49.801
188.0, -187500.02235174447, -187500.02235174447, -187500.02235174447, -187500.02235174447, -187500.02235174447, -187500.02235174447, -187500.02235174447, -187500.02235174447, -187500.02235174447, -187500.02235174447, -187500.02235174447, -187500.02235174447, -187500.02235174447, -187500.02235174447, -187500.02235174447, -187500.02235174447, 0.0105, -0.044, 0.9864999999999999, 192.0, 0.0, 0.0, 0.0, 0.0, 0.0, 0.0, 0.0, 0.0, 0.0, 1.6714261098019583E9, 0.0, 2022-12-19 10:01:49.801
190.0, -187500.02235174447, -187500.02235174447, -187500.02235174447, -187500.02235174447, -187500.02235174447, -187500.02235174447, -187500.02235174447, -187500.02235174447, -187500.02235174447, -187500.02235174447, -187500.02235174447, -187500.02235174447, -187500.02235174447, -187500.02235174447, -187500.02235174447, -187500.02235174447, 0.0105, -0.044, 0.9864999999999999, 192.0, 0.0, 0.0, 0.0, 0.0, 0.0, 0.0, 0.0, 0.0, 0.0, 1.6714261098019652E9, 0.0, 2022-12-19 10:01:49.801
192.0, -187500.02235174447, -187500.02235174447, -187500.02235174447, -187500.02235174447, -187500.02235174447, -187500.02235174447, -187500.02235174447, -187500.02235174447, -187500.02235174447, -187500.02235174447, -187500.02235174447, -187500.02235174447, -187500.02235174447, -187500.02235174447, -187500.02235174447, -187500.02235174447, 0.01125, -0.041999999999999996, 0.98925, 192.0, 0.0, 48.0, 127.0, 96.0, 15.5, 0.0, 0.0, 0.0, 0.0, 1.671426109801973E9, 0.0, 2022-12-19 10:01:49.801
194.0, -187500.02235174447, -187500.02235174447, -187500.02235174447, -187500.02235174447, -187500.02235174447, -187500.02235174447, -187500.02235174447, -187500.02235174447, -187500.02235174447, -187500.02235174447, -187500.02235174447, -187500.02235174447, -187500.02235174447, -187500.02235174447, -187500.02235174447, -187500.02235174447, 0.01125, -0.041999999999999996, 0.98925, 192.0, 0.0, 0.0, 0.0, 0.0, 0.0, 0.0, 0.0, 0.0, 0.0, 1.67142610980198E9, 0.0, 2022-12-19 10:01:49.801
196.0, -187500.02235174447, -187500.02235174447, -187500.02235174447, -187500.02235174447, -187500.02235174447, -187500.02235174447, -187500.02235174447, -187500.02235174447, -187500.02235174447, -187500.02235174447, -187500.02235174447, -187500.02235174447, -187500.02235174447, -187500.02235174447, -187500.02235174447, -187500.02235174447, 0.01125, -0.041999999999999996, 0.98925, 192.0, 0.0, 0.0, 0.0, 0.0, 0.0, 0.0, 0.0, 0.0, 0.0, 1.6714261098019867E9, 0.0, 2022-12-19 10:01:49.801
198.0, -187500.02235174447, -187500.02235174447, -187500.02235174447, -187500.02235174447, -187500.02235174447, -187500.02235174447, -187500.02235174447, -187500.02235174447, -187500.02235174447, -187500.02235174447, -187500.02235174447, -187500.02235174447, -187500.02235174447, -187500.02235174447, -187500.02235174447, -187500.02235174447, 0.01125, -0.041999999999999996, 0.98925, 192.0, 0.0, 0.0, 0.0, 0.0, 0.0, 0.0, 0.0, 0.0, 0.0, 1.6714261098019931E9, 0.0, 2022-12-19 10:01:49.801
200.0, -187500.02235174447, -187500.02235174447, -187500.02235174447, -187500.02235174447, -187500.02235174447, -187500.02235174447, -187500.02235174447, -187500.02235174447, -187500.02235174447, -187500.02235174447, -187500.02235174447, -187500.02235174447, -187500.02235174447, -187500.02235174447, -187500.02235174447, -187500.02235174447, 0.01125, -0.041999999999999996, 0.98925, 192.0, 0.0, 0.0, 0.0, 0.0, 0.0, 0.0, 0.0, 0.0, 0.0, 1.671426109802E9, 0.0, 2022-12-19 10:01:49.802
202.0, -187500.02235174447, -187500.02235174447, -187500.02235174447, -187500.02235174447, -187500.02235174447, -187500.02235174447, -187500.02235174447, -187500.02235174447, -187500.02235174447, -187500.02235174447, -187500.02235174447, -187500.02235174447, -187500.02235174447, -187500.02235174447, -187500.02235174447, -187500.02235174447, 0.010624999999999999, -0.040999999999999995, 0.991625, 192.0, 0.0, 40.0, 127.0, 96.0, 15.5, 8.0, 0.0, 0.0, 0.0, 1.6714261098020065E9, 0.0, 2022-12-19 10:01:49.802
204.0, -187500.02235174447, -187500.02235174447, -187500.02235174447, -187500.02235174447, -187500.02235174447, -187500.02235174447, -187500.02235174447, -187500.02235174447, -187500.02235174447, -187500.02235174447, -187500.02235174447, -187500.02235174447, -187500.02235174447, -187500.02235174447, -187500.02235174447, -187500.02235174447, 0.010624999999999999, -0.040999999999999995, 0.991625, 192.0, 0.0, 0.0, 0.0, 0.0, 0.0, 0.0, 0.0, 0.0, 0.0, 1.6714261098020132E9, 0.0, 2022-12-19 10:01:49.802
206.0, -187500.02235174447, -187500.02235174447, -187500.02235174447, -187500.02235174447, -187500.02235174447, -187500.02235174447, -187500.02235174447, -187500.02235174447, -187500.02235174447, -187500.02235174447, -187500.02235174447, -187500.02235174447, -187500.02235174447, -187500.02235174447, -187500.02235174447, -187500.02235174447, 0.010624999999999999, -0.040999999999999995, 0.991625, 192.0, 0.0, 0.0, 0.0, 0.0, 0.0, 0.0, 0.0, 0.0, 0.0, 1.67142610980202E9, 0.0, 2022-12-19 10:01:49.802
208.0, -187500.02235174447, -187500.02235174447, -187500.02235174447, -187500.02235174447, -187500.02235174447, -187500.02235174447, -187500.02235174447, -187500.02235174447, -187500.02235174447, -187500.02235174447, -187500.02235174447, -187500.02235174447, -187500.02235174447, -187500.02235174447, -187500.02235174447, -187500.02235174447, 0.010624999999999999, -0.040999999999999995, 0.991625, 192.0, 0.0, 0.0, 0.0, 0.0, 0.0, 0.0, 0.0, 0.0, 0.0, 1.6714261098020265E9, 0.0, 2022-12-19 10:01:49.802
210.0, -187500.02235174447, -187500.02235174447, -187500.02235174447, -187500.02235174447, -187500.02235174447, -187500.02235174447, -187500.02235174447, -187500.02235174447, -187500.02235174447, -187500.02235174447, -187500.02235174447, -187500.02235174447, -187500.02235174447, -187500.02235174447, -187500.02235174447, -187500.02235174447, 0.010624999999999999, -0.040999999999999995, 0.991625, 192.0, 0.0, 0.0, 0.0, 0.0, 0.0, 0.0, 0.0, 0.0, 0.0, 1.6714261098020332E9, 0.0, 2022-12-19 10:01:49.802
212.0, -187500.02235174447, -187500.02235174447, -187500.02235174447, -187500.02235174447, -187500.02235174447, -187500.02235174447, -187500.02235174447, -187500.02235174447, -187500.02235174447, -187500.02235174447, -187500.02235174447, -187500.02235174447, -187500.02235174447, -187500.02235174447, -187500.02235174447, -187500.02235174447, 0.010312499999999999, -0.042499999999999996, 0.9928125, 192.0, 0.0, 40.0, 127.0, 80.0, 15.5, 8.0, 0.0, 0.0, 0.0, 1.6714261098020396E9, 0.0, 2022-12-19 10:01:49.802
214.0, -187500.02235174447, -187500.02235174447, -187500.02235174447, -187500.02235174447, -187500.02235174447, -187500.02235174447, -187500.02235174447, -187500.02235174447, -187500.02235174447, -187500.02235174447, -187500.02235174447, -187500.02235174447, -187500.02235174447, -187500.02235174447, -187500.02235174447, -187500.02235174447, 0.010312499999999999, -0.042499999999999996, 0.9928125, 192.0, 0.0, 0.0, 0.0, 0.0, 0.0, 0.0, 0.0, 0.0, 0.0, 1.6714261098020463E9, 0.0, 2022-12-19 10:01:49.802
216.0, -187500.02235174447, -187500.02235174447, -187500.02235174447, -187500.02235174447, -187500.02235174447, -187500.02235174447, -187500.02235174447, -187500.02235174447, -187500.02235174447, -187500.02235174447, -187500.02235174447, -187500.02235174447, -187500.02235174447, -187500.02235174447, -187500.02235174447, -187500.02235174447, 0.010312499999999999, -0.042499999999999996, 0.9928125, 192.0, 0.0, 0.0, 0.0, 0.0, 0.0, 0.0, 0.0, 0.0, 0.0, 1.6714261098020532E9, 0.0, 2022-12-19 10:01:49.802
218.0, -187500.02235174447, -187500.02235174447, -187500.02235174447, -187500.02235174447, -187500.02235174447, -187500.02235174447, -187500.02235174447, -187500.02235174447, -187500.02235174447, -187500.02235174447, -187500.02235174447, -187500.02235174447, -187500.02235174447, -187500.02235174447, -187500.02235174447, -187500.02235174447, 0.010312499999999999, -0.042499999999999996, 0.9928125, 192.0, 0.0, 0.0, 0.0, 0.0, 0.0, 0.0, 0.0, 0.0, 0.0, 1.6714261098020597E9, 0.0, 2022-12-19 10:01:49.802
220.0, -187500.02235174447, -187500.02235174447, -187500.02235174447, -187500.02235174447, -187500.02235174447, -187500.02235174447, -187500.02235174447, -187500.02235174447, -187500.02235174447, -187500.02235174447, -187500.02235174447, -187500.02235174447, -187500.02235174447, -187500.02235174447, -187500.02235174447, -187500.02235174447, 0.010312499999999999, -0.042499999999999996, 0.9928125, 192.0, 0.0, 0.0, 0.0, 0.0, 0.0, 0.0, 0.0, 0.0, 0.0, 1.6714261098020663E9, 0.0, 2022-12-19 10:01:49.802
222.0, -187500.02235174447, -187500.02235174447, -187500.02235174447, -187500.02235174447, -187500.02235174447, -187500.02235174447, -187500.02235174447, -187500.02235174447, -187500.02235174447, -187500.02235174447, -187500.02235174447, -187500.02235174447, -187500.02235174447, -187500.02235174447, -187500.02235174447, -187500.02235174447, 0.008, -0.042, 1.0, 192.0, 0.0, 32.0, 127.0, 88.0, 15.5, 32.0, 0.0, 0.0, 0.0, 1.671426109802073E9, 0.0, 2022-12-19 10:01:49.802
224.0, -187500.02235174447, -187500.02235174447, -187500.02235174447, -187500.02235174447, -187500.02235174447, -187500.02235174447, -187500.02235174447, -187500.02235174447, -187500.02235174447, -187500.02235174447, -187500.02235174447, -187500.02235174447, -187500.02235174447, -187500.02235174447, -187500.02235174447, -187500.02235174447, 0.008, -0.042, 1.0, 192.0, 0.0, 0.0, 0.0, 0.0, 0.0, 0.0, 0.0, 0.0, 0.0, 1.671426109802081E9, 0.0, 2022-12-19 10:01:49.802
226.0, -187500.02235174447, -187500.02235174447, -187500.02235174447, -187500.02235174447, -187500.02235174447, -187500.02235174447, -187500.02235174447, -187500.02235174447, -187500.02235174447, -187500.02235174447, -187500.02235174447, -187500.02235174447, -187500.02235174447, -187500.02235174447, -187500.02235174447, -187500.02235174447, 0.008, -0.042, 1.0, 192.0, 0.0, 0.0, 0.0, 0.0, 0.0, 0.0, 0.0, 0.0, 0.0, 1.671426109802088E9, 0.0, 2022-12-19 10:01:49.802
228.0, -187500.02235174447, -187500.02235174447, -187500.02235174447, -187500.02235174447, -187500.02235174447, -187500.02235174447, -187500.02235174447, -187500.02235174447, -187500.02235174447, -187500.02235174447, -187500.02235174447, -187500.02235174447, -187500.02235174447, -187500.02235174447, -187500.02235174447, -187500.02235174447, 0.008, -0.042, 1.0, 192.0, 0.0, 0.0, 0.0, 0.0, 0.0, 0.0, 0.0, 0.0, 0.0, 1.6714261098020945E9, 0.0, 2022-12-19 10:01:49.802
230.0, -187500.02235174447, -187500.02235174447, -187500.02235174447, -187500.02235174447, -187500.02235174447, -187500.02235174447, -187500.02235174447, -187500.02235174447, -187500.02235174447, -187500.02235174447, -187500.02235174447, -187500.02235174447, -187500.02235174447, -187500.02235174447, -187500.02235174447, -187500.02235174447, 0.008, -0.042, 1.0, 192.0, 0.0, 0.0, 0.0, 0.0, 0.0, 0.0, 0.0, 0.0, 0.0, 1.6714261098021033E9, 0.0, 2022-12-19 10:01:49.802
232.0, -187500.02235174447, -187500.02235174447, -187500.02235174447, -187500.02235174447, -187500.02235174447, -187500.02235174447, -187500.02235174447, -187500.02235174447, -187500.02235174447, -187500.02235174447, -187500.02235174447, -187500.02235174447, -187500.02235174447, -187500.02235174447, -187500.02235174447, -187500.02235174447, 0.008, -0.04, 1.0, 192.0, 0.0, 32.0, 127.0, 96.0, 15.5, 32.0, 0.0, 0.0, 0.0, 1.671426109802136E9, 0.0, 2022-12-19 10:01:49.802
234.0, -187500.02235174447, -187500.02235174447, -187500.02235174447, -187500.02235174447, -187500.02235174447, -187500.02235174447, -187500.02235174447, -187500.02235174447, -187500.02235174447, -187500.02235174447, -187500.02235174447, -187500.02235174447, -187500.02235174447, -187500.02235174447, -187500.02235174447, -187500.02235174447, 0.008, -0.04, 1.0, 192.0, 0.0, 0.0, 0.0, 0.0, 0.0, 0.0, 0.0, 0.0, 0.0, 1.6714261098021429E9, 0.0, 2022-12-19 10:01:49.802
236.0, -187500.02235174447, -187500.02235174447, -187500.02235174447, -187500.02235174447, -187500.02235174447, -187500.02235174447, -187500.02235174447, -187500.02235174447, -187500.02235174447, -187500.02235174447, -187500.02235174447, -187500.02235174447, -187500.02235174447, -187500.02235174447, -187500.02235174447, -187500.02235174447, 0.008, -0.04, 1.0, 192.0, 0.0, 0.0, 0.0, 0.0, 0.0, 0.0, 0.0, 0.0, 0.0, 1.6714261098021495E9, 0.0, 2022-12-19 10:01:49.802
238.0, -187500.02235174447, -187500.02235174447, -187500.02235174447, -187500.02235174447, -187500.02235174447, -187500.02235174447, -187500.02235174447, -187500.02235174447, -187500.02235174447, -187500.02235174447, -187500.02235174447, -187500.02235174447, -187500.02235174447, -187500.02235174447, -187500.02235174447, -187500.02235174447, 0.008, -0.04, 1.0, 192.0, 0.0, 0.0, 0.0, 0.0, 0.0, 0.0, 0.0, 0.0, 0.0, 1.6714261098021564E9, 0.0, 2022-12-19 10:01:49.802
240.0, -187500.02235174447, -187500.02235174447, -187500.02235174447, -187500.02235174447, -187500.02235174447, -187500.02235174447, -187500.02235174447, -187500.02235174447, -187500.02235174447, -187500.02235174447, -187500.02235174447, -187500.02235174447, -187500.02235174447, -187500.02235174447, -187500.02235174447, -187500.02235174447, 0.008, -0.04, 1.0, 192.0, 0.0, 0.0, 0.0, 0.0, 0.0, 0.0, 0.0, 0.0, 0.0, 1.671426110281037E9, 0.0, 2022-12-19 10:01:50.281
242.0, -187500.02235174447, -187500.02235174447, -187500.02235174447, -187500.02235174447, -187500.02235174447, -187500.02235174447, -187500.02235174447, -187500.02235174447, -187500.02235174447, -187500.02235174447, -187500.02235174447, -187500.02235174447, -187500.02235174447, -187500.02235174447, -187500.02235174447, -187500.02235174447, 0.008, -0.042, 0.994, 192.0, 0.0, 32.0, 127.0, 88.0, 15.5, 8.0, 0.0, 0.0, 0.0, 1.6714261102810743E9, 0.0, 2022-12-19 10:01:50.281
244.0, -187500.02235174447, -187500.02235174447, -187500.02235174447, -187500.02235174447, -187500.02235174447, -187500.02235174447, -187500.02235174447, -187500.02235174447, -187500.02235174447, -187500.02235174447, -187500.02235174447, -187500.02235174447, -187500.02235174447, -187500.02235174447, -187500.02235174447, -187500.02235174447, 0.008, -0.042, 0.994, 192.0, 0.0, 0.0, 0.0, 0.0, 0.0, 0.0, 0.0, 0.0, 0.0, 1.6714261102811093E9, 0.0, 2022-12-19 10:01:50.281
246.0, -187500.02235174447, -187500.02235174447, -187500.02235174447, -187500.02235174447, -187500.02235174447, -187500.02235174447, -187500.02235174447, -187500.02235174447, -187500.02235174447, -187500.02235174447, -187500.02235174447, -187500.02235174447, -187500.02235174447, -187500.02235174447, -187500.02235174447, -187500.02235174447, 0.008, -0.042, 0.994, 192.0, 0.0, 0.0, 0.0, 0.0, 0.0, 0.0, 0.0, 0.0, 0.0, 1.6714261102811444E9, 0.0, 2022-12-19 10:01:50.281
248.0, -187500.02235174447, -187500.02235174447, -187500.02235174447, -187500.02235174447, -187500.02235174447, -187500.02235174447, -187500.02235174447, -187500.02235174447, -187500.02235174447, -187500.02235174447, -187500.02235174447, -187500.02235174447, -187500.02235174447, -187500.02235174447, -187500.02235174447, -187500.02235174447, 0.008, -0.042, 0.994, 192.0, 0.0, 0.0, 0.0, 0.0, 0.0, 0.0, 0.0, 0.0, 0.0, 1.671426110281179E9, 0.0, 2022-12-19 10:01:50.281
250.0, -187500.02235174447, -187500.02235174447, -187500.02235174447, -187500.02235174447, -187500.02235174447, -187500.02235174447, -187500.02235174447, -187500.02235174447, -187500.02235174447, -187500.02235174447, -187500.02235174447, -187500.02235174447, -187500.02235174447, -187500.02235174447, -187500.02235174447, -187500.02235174447, 0.008, -0.042, 0.994, 192.0, 0.0, 0.0, 0.0, 0.0, 0.0, 0.0, 0.0, 0.0, 0.0, 1.6714261102812133E9, 0.0, 2022-12-19 10:01:50.281
252.0, -187500.02235174447, -187500.02235174447, -187500.02235174447, -187500.02235174447, -187500.02235174447, -187500.02235174447, -187500.02235174447, -187500.02235174447, -187500.02235174447, -187500.02235174447, -187500.02235174447, -187500.02235174447, -187500.02235174447, -187500.02235174447, -187500.02235174447, -187500.02235174447, 0.008, -0.036000000000000004, 0.996, 192.0, 0.0, 32.0, 127.0, 112.0, 15.5, 16.0, 0.0, 0.0, 0.0, 1.6714261102812479E9, 0.0, 2022-12-19 10:01:50.281
254.0, -187500.02235174447, -187500.02235174447, -187500.02235174447, -187500.02235174447, -187500.02235174447, -187500.02235174447, -187500.02235174447, -187500.02235174447, -187500.02235174447, -187500.02235174447, -187500.02235174447, -187500.02235174447, -187500.02235174447, -187500.02235174447, -187500.02235174447, -187500.02235174447, 0.008, -0.036000000000000004, 0.996, 192.0, 0.0, 0.0, 0.0, 0.0, 0.0, 0.0, 0.0, 0.0, 0.0, 1.6714261102812903E9, 0.0, 2022-12-19 10:01:50.281
0.0, -187500.02235174447, -187500.02235174447, -187500.02235174447, -187500.02235174447, -187500.02235174447, -187500.02235174447, -187500.02235174447, -187500.02235174447, -187500.02235174447, -187500.02235174447, -187500.02235174447, -187500.02235174447, -187500.02235174447, -187500.02235174447, -187500.02235174447, -187500.02235174447, 0.008, -0.036000000000000004, 0.996, 192.0, 0.0, 0.0, 0.0, 0.0, 0.0, 0.0, 0.0, 0.0, 0.0, 1.6714261102813048E9, 0.0, 2022-12-19 10:01:50.281
2.0, -187500.02235174447, -187500.02235174447, -187500.02235174447, -187500.02235174447, -187500.02235174447, -187500.02235174447, -187500.02235174447, -187500.02235174447, -187500.02235174447, -187500.02235174447, -187500.02235174447, -187500.02235174447, -187500.02235174447, -187500.02235174447, -187500.02235174447, -187500.02235174447, 0.008, -0.036000000000000004, 0.996, 192.0, 0.0, 0.0, 0.0, 0.0, 0.0, 0.0, 0.0, 0.0, 0.0, 1.671426110281312E9, 0.0, 2022-12-19 10:01:50.281
4.0, -187500.02235174447, -187500.02235174447, -187500.02235174447, -187500.02235174447, -187500.02235174447, -187500.02235174447, -187500.02235174447, -187500.02235174447, -187500.02235174447, -187500.02235174447, -187500.02235174447, -187500.02235174447, -187500.02235174447, -187500.02235174447, -187500.02235174447, -187500.02235174447, 0.008, -0.036000000000000004, 0.996, 192.0, 0.0, 0.0, 0.0, 0.0, 0.0, 0.0, 0.0, 0.0, 0.0, 1.671426110281319E9, 0.0, 2022-12-19 10:01:50.281
6.0, -187500.02235174447, -187500.02235174447, -187500.02235174447, -187500.02235174447, -187500.02235174447, -187500.02235174447, -187500.02235174447, -187500.02235174447, -187500.02235174447, -187500.02235174447, -187500.02235174447, -187500.02235174447, -187500.02235174447, -187500.02235174447, -187500.02235174447, -187500.02235174447, 0.01, -0.042, 0.994, 192.0, 0.0, 40.0, 127.0, 88.0, 15.5, 8.0, 0.0, 0.0, 0.0, 1.671426110281326E9, 0.0, 2022-12-19 10:01:50.281
8.0, -187500.02235174447, -187500.02235174447, -187500.02235174447, -187500.02235174447, -187500.02235174447, -187500.02235174447, -187500.02235174447, -187500.02235174447, -187500.02235174447, -187500.02235174447, -187500.02235174447, -187500.02235174447, -187500.02235174447, -187500.02235174447, -187500.02235174447, -187500.02235174447, 0.01, -0.042, 0.994, 192.0, 0.0, 0.0, 0.0, 0.0, 0.0, 0.0, 0.0, 0.0, 0.0, 1.6714261102813327E9, 0.0, 2022-12-19 10:01:50.281
10.0, -187500.02235174447, -187500.02235174447, -187500.02235174447, -187500.02235174447, -187500.02235174447, -187500.02235174447, -187500.02235174447, -187500.02235174447, -187500.02235174447, -187500.02235174447, -187500.02235174447, -187500.02235174447, -187500.02235174447, -187500.02235174447, -187500.02235174447, -187500.02235174447, 0.01, -0.042, 0.994, 192.0, 0.0, 0.0, 0.0, 0.0, 0.0, 0.0, 0.0, 0.0, 0.0, 1.67142611028134E9, 0.0, 2022-12-19 10:01:50.281
12.0, -187500.02235174447, -187500.02235174447, -187500.02235174447, -187500.02235174447, -187500.02235174447, -187500.02235174447, -187500.02235174447, -187500.02235174447, -187500.02235174447, -187500.02235174447, -187500.02235174447, -187500.02235174447, -187500.02235174447, -187500.02235174447, -187500.02235174447, -187500.02235174447, 0.01, -0.042, 0.994, 192.0, 0.0, 0.0, 0.0, 0.0, 0.0, 0.0, 0.0, 0.0, 0.0, 1.671426110281347E9, 0.0, 2022-12-19 10:01:50.281
14.0, -187500.02235174447, -187500.02235174447, -187500.02235174447, -187500.02235174447, -187500.02235174447, -187500.02235174447, -187500.02235174447, -187500.02235174447, -187500.02235174447, -187500.02235174447, -187500.02235174447, -187500.02235174447, -187500.02235174447, -187500.02235174447, -187500.02235174447, -187500.02235174447, 0.01, -0.042, 0.994, 192.0, 0.0, 0.0, 0.0, 0.0, 0.0, 0.0, 0.0, 0.0, 0.0, 1.671426110281354E9, 0.0, 2022-12-19 10:01:50.281
16.0, -187500.02235174447, -187500.02235174447, -187500.02235174447, -187500.02235174447, -187500.02235174447, -187500.02235174447, -187500.02235174447, -187500.02235174447, -187500.02235174447, -187500.02235174447, -187500.02235174447, -187500.02235174447, -187500.02235174447, -187500.02235174447, -187500.02235174447, -187500.02235174447, 0.012, -0.04, 0.996, 192.0, 0.0, 48.0, 127.0, 96.0, 15.5, 16.0, 0.0, 0.0, 0.0, 1.6714261102813609E9, 0.0, 2022-12-19 10:01:50.281
18.0, -187500.02235174447, -187500.02235174447, -187500.02235174447, -187500.02235174447, -187500.02235174447, -187500.02235174447, -187500.02235174447, -187500.02235174447, -187500.02235174447, -187500.02235174447, -187500.02235174447, -187500.02235174447, -187500.02235174447, -187500.02235174447, -187500.02235174447, -187500.02235174447, 0.012, -0.04, 0.996, 192.0, 0.0, 0.0, 0.0, 0.0, 0.0, 0.0, 0.0, 0.0, 0.0, 1.671426110281368E9, 0.0, 2022-12-19 10:01:50.281
20.0, -187500.02235174447, -187500.02235174447, -187500.02235174447, -187500.02235174447, -187500.02235174447, -187500.02235174447, -187500.02235174447, -187500.02235174447, -187500.02235174447, -187500.02235174447, -187500.02235174447, -187500.02235174447, -187500.02235174447, -187500.02235174447, -187500.02235174447, -187500.02235174447, 0.012, -0.04, 0.996, 192.0, 0.0, 0.0, 0.0, 0.0, 0.0, 0.0, 0.0, 0.0, 0.0, 1.6714261102813747E9, 0.0, 2022-12-19 10:01:50.281
22.0, -187500.02235174447, -187500.02235174447, -187500.02235174447, -187500.02235174447, -187500.02235174447, -187500.02235174447, -187500.02235174447, -187500.02235174447, -187500.02235174447, -187500.02235174447, -187500.02235174447, -187500.02235174447, -187500.02235174447, -187500.02235174447, -187500.02235174447, -187500.02235174447, 0.012, -0.04, 0.996, 192.0, 0.0, 0.0, 0.0, 0.0, 0.0, 0.0, 0.0, 0.0, 0.0, 1.671426110281382E9, 0.0, 2022-12-19 10:01:50.281
24.0, -187500.02235174447, -187500.02235174447, -187500.02235174447, -187500.02235174447, -187500.02235174447, -187500.02235174447, -187500.02235174447, -187500.02235174447, -187500.02235174447, -187500.02235174447, -187500.02235174447, -187500.02235174447, -187500.02235174447, -187500.02235174447, -187500.02235174447, -187500.02235174447, 0.01, -0.04, 0.995, 192.0, 0.0, 32.0, 127.0, 96.0, 15.5, 8.0, 0.0, 0.0, 0.0, 1.671426110281389E9, 0.0, 2022-12-19 10:01:50.281
26.0, -187500.02235174447, -187500.02235174447, -187500.02235174447, -187500.02235174447, -187500.02235174447, -187500.02235174447, -187500.02235174447, -187500.02235174447, -187500.02235174447, -187500.02235174447, -187500.02235174447, -187500.02235174447, -187500.02235174447, -187500.02235174447, -187500.02235174447, -187500.02235174447, 0.01, -0.04, 0.995, 192.0, 0.0, 0.0, 0.0, 0.0, 0.0, 0.0, 0.0, 0.0, 0.0, 1.671426110281396E9, 0.0, 2022-12-19 10:01:50.281
28.0, -187500.02235174447, -187500.02235174447, -187500.02235174447, -187500.02235174447, -187500.02235174447, -187500.02235174447, -187500.02235174447, -187500.02235174447, -187500.02235174447, -187500.02235174447, -187500.02235174447, -187500.02235174447, -187500.02235174447, -187500.02235174447, -187500.02235174447, -187500.02235174447, 0.01, -0.04, 0.995, 192.0, 0.0, 0.0, 0.0, 0.0, 0.0, 0.0, 0.0, 0.0, 0.0, 1.6714261102814028E9, 0.0, 2022-12-19 10:01:50.281
30.0, -187500.02235174447, -187500.02235174447, -187500.02235174447, -187500.02235174447, -187500.02235174447, -187500.02235174447, -187500.02235174447, -187500.02235174447, -187500.02235174447, -187500.02235174447, -187500.02235174447, -187500.02235174447, -187500.02235174447, -187500.02235174447, -187500.02235174447, -187500.02235174447, 0.01, -0.04, 0.995, 192.0, 0.0, 0.0, 0.0, 0.0, 0.0, 0.0, 0.0, 0.0, 0.0, 1.67142611028141E9, 0.0, 2022-12-19 10:01:50.281
32.0, -187500.02235174447, -187500.02235174447, -187500.02235174447, -187500.02235174447, -187500.02235174447, -187500.02235174447, -187500.02235174447, -187500.02235174447, -187500.02235174447, -187500.02235174447, -187500.02235174447, -187500.02235174447, -187500.02235174447, -187500.02235174447, -187500.02235174447, -187500.02235174447, 0.01, -0.04, 0.995, 192.0, 0.0, 0.0, 0.0, 0.0, 0.0, 0.0, 0.0, 0.0, 0.0, 1.6714261102814186E9, 0.0, 2022-12-19 10:01:50.281
34.0, -187500.02235174447, -187500.02235174447, -187500.02235174447, -187500.02235174447, -187500.02235174447, -187500.02235174447, -187500.02235174447, -187500.02235174447, -187500.02235174447, -187500.02235174447, -187500.02235174447, -187500.02235174447, -187500.02235174447, -187500.02235174447, -187500.02235174447, -187500.02235174447, 0.008, -0.041, 0.9944999999999999, 192.0, 0.0, 24.0, 127.0, 88.0, 15.5, 8.0, 0.0, 0.0, 0.0, 1.6714261102814257E9, 0.0, 2022-12-19 10:01:50.281
36.0, -187500.02235174447, -187500.02235174447, -187500.02235174447, -187500.02235174447, -187500.02235174447, -187500.02235174447, -187500.02235174447, -187500.02235174447, -187500.02235174447, -187500.02235174447, -187500.02235174447, -187500.02235174447, -187500.02235174447, -187500.02235174447, -187500.02235174447, -187500.02235174447, 0.008, -0.041, 0.9944999999999999, 192.0, 0.0, 0.0, 0.0, 0.0, 0.0, 0.0, 0.0, 0.0, 0.0, 1.6714261102814329E9, 0.0, 2022-12-19 10:01:50.281
38.0, -187500.02235174447, -187500.02235174447, -187500.02235174447, -187500.02235174447, -187500.02235174447, -187500.02235174447, -187500.02235174447, -187500.02235174447, -187500.02235174447, -187500.02235174447, -187500.02235174447, -187500.02235174447, -187500.02235174447, -187500.02235174447, -187500.02235174447, -187500.02235174447, 0.008, -0.041, 0.9944999999999999, 192.0, 0.0, 0.0, 0.0, 0.0, 0.0, 0.0, 0.0, 0.0, 0.0, 1.6714261102814395E9, 0.0, 2022-12-19 10:01:50.281
40.0, -187500.02235174447, -187500.02235174447, -187500.02235174447, -187500.02235174447, -187500.02235174447, -187500.02235174447, -187500.02235174447, -187500.02235174447, -187500.02235174447, -187500.02235174447, -187500.02235174447, -187500.02235174447, -187500.02235174447, -187500.02235174447, -187500.02235174447, -187500.02235174447, 0.008, -0.041, 0.9944999999999999, 192.0, 0.0, 0.0, 0.0, 0.0, 0.0, 0.0, 0.0, 0.0, 0.0, 1.6714261102814467E9, 0.0, 2022-12-19 10:01:50.281
42.0, -187500.02235174447, -187500.02235174447, -187500.02235174447, -187500.02235174447, -187500.02235174447, -187500.02235174447, -187500.02235174447, -187500.02235174447, -187500.02235174447, -187500.02235174447, -187500.02235174447, -187500.02235174447, -187500.02235174447, -187500.02235174447, -187500.02235174447, -187500.02235174447, 0.008, -0.041, 0.9944999999999999, 192.0, 0.0, 0.0, 0.0, 0.0, 0.0, 0.0, 0.0, 0.0, 0.0, 1.6714261102814536E9, 0.0, 2022-12-19 10:01:50.281
44.0, -187500.02235174447, -187500.02235174447, -187500.02235174447, -187500.02235174447, -187500.02235174447, -187500.02235174447, -187500.02235174447, -187500.02235174447, -187500.02235174447, -187500.02235174447, -187500.02235174447, -187500.02235174447, -187500.02235174447, -187500.02235174447, -187500.02235174447, -187500.02235174447, 0.01, -0.0415, 0.99325, 192.0, 0.0, 48.0, 127.0, 88.0, 15.5, 0.0, 0.0, 0.0, 0.0, 1.6714261102814605E9, 0.0, 2022-12-19 10:01:50.281
46.0, -187500.02235174447, -187500.02235174447, -187500.02235174447, -187500.02235174447, -187500.02235174447, -187500.02235174447, -187500.02235174447, -187500.02235174447, -187500.02235174447, -187500.02235174447, -187500.02235174447, -187500.02235174447, -187500.02235174447, -187500.02235174447, -187500.02235174447, -187500.02235174447, 0.01, -0.0415, 0.99325, 192.0, 0.0, 0.0, 0.0, 0.0, 0.0, 0.0, 0.0, 0.0, 0.0, 1.6714261102814677E9, 0.0, 2022-12-19 10:01:50.281
48.0, -187500.02235174447, -187500.02235174447, -187500.02235174447, -187500.02235174447, -187500.02235174447, -187500.02235174447, -187500.02235174447, -187500.02235174447, -187500.02235174447, -187500.02235174447, -187500.02235174447, -187500.02235174447, -187500.02235174447, -187500.02235174447, -187500.02235174447, -187500.02235174447, 0.01, -0.0415, 0.99325, 192.0, 0.0, 0.0, 0.0, 0.0, 0.0, 0.0, 0.0, 0.0, 0.0, 1.6714261102814746E9, 0.0, 2022-12-19 10:01:50.281
50.0, -187500.02235174447, -187500.02235174447, -187500.02235174447, -187500.02235174447, -187500.02235174447, -187500.02235174447, -187500.02235174447, -187500.02235174447, -187500.02235174447, -187500.02235174447, -187500.02235174447, -187500.02235174447, -187500.02235174447, -187500.02235174447, -187500.02235174447, -187500.02235174447, 0.01, -0.0415, 0.99325, 192.0, 0.0, 0.0, 0.0, 0.0, 0.0, 0.0, 0.0, 0.0, 0.0, 1.6714261102814815E9, 0.0, 2022-12-19 10:01:50.281
52.0, -187500.02235174447, -187500.02235174447, -187500.02235174447, -187500.02235174447, -187500.02235174447, -187500.02235174447, -187500.02235174447, -187500.02235174447, -187500.02235174447, -187500.02235174447, -187500.02235174447, -187500.02235174447, -187500.02235174447, -187500.02235174447, -187500.02235174447, -187500.02235174447, 0.01, -0.0415, 0.99325, 192.0, 0.0, 0.0, 0.0, 0.0, 0.0, 0.0, 0.0, 0.0, 0.0, 1.6714261102814887E9, 0.0, 2022-12-19 10:01:50.281
54.0, -187500.02235174447, -187500.02235174447, -187500.02235174447, -187500.02235174447, -187500.02235174447, -187500.02235174447, -187500.02235174447, -187500.02235174447, -187500.02235174447, -187500.02235174447, -187500.02235174447, -187500.02235174447, -187500.02235174447, -187500.02235174447, -187500.02235174447, -187500.02235174447, 0.01, -0.04475, 0.993625, 192.0, 0.0, 40.0, 127.0, 64.0, 15.5, 8.0, 0.0, 0.0, 0.0, 1.6714261102814956E9, 0.0, 2022-12-19 10:01:50.281
56.0, -187500.02235174447, -187500.02235174447, -187500.02235174447, -187500.02235174447, -187500.02235174447, -187500.02235174447, -187500.02235174447, -187500.02235174447, -187500.02235174447, -187500.02235174447, -187500.02235174447, -187500.02235174447, -187500.02235174447, -187500.02235174447, -187500.02235174447, -187500.02235174447, 0.01, -0.04475, 0.993625, 192.0, 0.0, 0.0, 0.0, 0.0, 0.0, 0.0, 0.0, 0.0, 0.0, 1.6714261102815025E9, 0.0, 2022-12-19 10:01:50.281
58.0, -187500.02235174447, -187500.02235174447, -187500.02235174447, -187500.02235174447, -187500.02235174447, -187500.02235174447, -187500.02235174447, -187500.02235174447, -187500.02235174447, -187500.02235174447, -187500.02235174447, -187500.02235174447, -187500.02235174447, -187500.02235174447, -187500.02235174447, -187500.02235174447, 0.01, -0.04475, 0.993625, 192.0, 0.0, 0.0, 0.0, 0.0, 0.0, 0.0, 0.0, 0.0, 0.0, 1.6714261102815278E9, 0.0, 2022-12-19 10:01:50.281
60.0, -187500.02235174447, -187500.02235174447, -187500.02235174447, -187500.02235174447, -187500.02235174447, -187500.02235174447, -187500.02235174447, -187500.02235174447, -187500.02235174447, -187500.02235174447, -187500.02235174447, -187500.02235174447, -187500.02235174447, -187500.02235174447, -187500.02235174447, -187500.02235174447, 0.01, -0.04475, 0.993625, 192.0, 0.0, 0.0, 0.0, 0.0, 0.0, 0.0, 0.0, 0.0, 0.0, 1.6714261102815356E9, 0.0, 2022-12-19 10:01:50.281
62.0, -187500.02235174447, -187500.02235174447, -187500.02235174447, -187500.02235174447, -187500.02235174447, -187500.02235174447, -187500.02235174447, -187500.02235174447, -187500.02235174447, -187500.02235174447, -187500.02235174447, -187500.02235174447, -187500.02235174447, -187500.02235174447, -187500.02235174447, -187500.02235174447, 0.01, -0.04475, 0.993625, 192.0, 0.0, 0.0, 0.0, 0.0, 0.0, 0.0, 0.0, 0.0, 0.0, 1.6714261102815435E9, 0.0, 2022-12-19 10:01:50.281
64.0, -187500.02235174447, -187500.02235174447, -187500.02235174447, -187500.02235174447, -187500.02235174447, -187500.02235174447, -187500.02235174447, -187500.02235174447, -187500.02235174447, -187500.02235174447, -187500.02235174447, -187500.02235174447, -187500.02235174447, -187500.02235174447, -187500.02235174447, -187500.02235174447, 0.011, -0.045375, 0.9938125, 192.0, 0.0, 48.0, 127.0, 72.0, 15.5, 8.0, 0.0, 0.0, 0.0, 1.6714261102815518E9, 0.0, 2022-12-19 10:01:50.281
66.0, -187500.02235174447, -187500.02235174447, -187500.02235174447, -187500.02235174447, -187500.02235174447, -187500.02235174447, -187500.02235174447, -187500.02235174447, -187500.02235174447, -187500.02235174447, -187500.02235174447, -187500.02235174447, -187500.02235174447, -187500.02235174447, -187500.02235174447, -187500.02235174447, 0.011, -0.045375, 0.9938125, 192.0, 0.0, 0.0, 0.0, 0.0, 0.0, 0.0, 0.0, 0.0, 0.0, 1.6714261102815588E9, 0.0, 2022-12-19 10:01:50.281
68.0, -187500.02235174447, -187500.02235174447, -187500.02235174447, -187500.02235174447, -187500.02235174447, -187500.02235174447, -187500.02235174447, -187500.02235174447, -187500.02235174447, -187500.02235174447, -187500.02235174447, -187500.02235174447, -187500.02235174447, -187500.02235174447, -187500.02235174447, -187500.02235174447, 0.011, -0.045375, 0.9938125, 192.0, 0.0, 0.0, 0.0, 0.0, 0.0, 0.0, 0.0, 0.0, 0.0, 1.6714261102815654E9, 0.0, 2022-12-19 10:01:50.281
70.0, -187500.02235174447, -187500.02235174447, -187500.02235174447, -187500.02235174447, -187500.02235174447, -187500.02235174447, -187500.02235174447, -187500.02235174447, -187500.02235174447, -187500.02235174447, -187500.02235174447, -187500.02235174447, -187500.02235174447, -187500.02235174447, -187500.02235174447, -187500.02235174447, 0.011, -0.045375, 0.9938125, 192.0, 0.0, 0.0, 0.0, 0.0, 0.0, 0.0, 0.0, 0.0, 0.0, 1.671426110281571E9, 0.0, 2022-12-19 10:01:50.281
72.0, -187500.02235174447, -187500.02235174447, -187500.02235174447, -187500.02235174447, -187500.02235174447, -187500.02235174447, -187500.02235174447, -187500.02235174447, -187500.02235174447, -187500.02235174447, -187500.02235174447, -187500.02235174447, -187500.02235174447, -187500.02235174447, -187500.02235174447, -187500.02235174447, 0.011, -0.045375, 0.9938125, 192.0, 0.0, 0.0, 0.0, 0.0, 0.0, 0.0, 0.0, 0.0, 0.0, 1.6714261102815764E9, 0.0, 2022-12-19 10:01:50.281
74.0, -187500.02235174447, -187500.02235174447, -187500.02235174447, -187500.02235174447, -187500.02235174447, -187500.02235174447, -187500.02235174447, -187500.02235174447, -187500.02235174447, -187500.02235174447, -187500.02235174447, -187500.02235174447, -187500.02235174447, -187500.02235174447, -187500.02235174447, -187500.02235174447, 0.01, -0.038, 0.996, 192.0, 0.0, 40.0, 127.0, 104.0, 15.5, 16.0, 0.0, 0.0, 0.0, 1.6714261102815828E9, 0.0, 2022-12-19 10:01:50.281
76.0, -187500.02235174447, -187500.02235174447, -187500.02235174447, -187500.02235174447, -187500.02235174447, -187500.02235174447, -187500.02235174447, -187500.02235174447, -187500.02235174447, -187500.02235174447, -187500.02235174447, -187500.02235174447, -187500.02235174447, -187500.02235174447, -187500.02235174447, -187500.02235174447, 0.01, -0.038, 0.996, 192.0, 0.0, 0.0, 0.0, 0.0, 0.0, 0.0, 0.0, 0.0, 0.0, 1.6714261102815893E9, 0.0, 2022-12-19 10:01:50.281
78.0, -187500.02235174447, -187500.02235174447, -187500.02235174447, -187500.02235174447, -187500.02235174447, -187500.02235174447, -187500.02235174447, -187500.02235174447, -187500.02235174447, -187500.02235174447, -187500.02235174447, -187500.02235174447, -187500.02235174447, -187500.02235174447, -187500.02235174447, -187500.02235174447, 0.01, -0.038, 0.996, 192.0, 0.0, 0.0, 0.0, 0.0, 0.0, 0.0, 0.0, 0.0, 0.0, 1.671426110281595E9, 0.0, 2022-12-19 10:01:50.281
80.0, -187500.02235174447, -187500.02235174447, -187500.02235174447, -187500.02235174447, -187500.02235174447, -187500.02235174447, -187500.02235174447, -187500.02235174447, -187500.02235174447, -187500.02235174447, -187500.02235174447, -187500.02235174447, -187500.02235174447, -187500.02235174447, -187500.02235174447, -187500.02235174447, 0.01, -0.038, 0.996, 192.0, 0.0, 0.0, 0.0, 0.0, 0.0, 0.0, 0.0, 0.0, 0.0, 1.6714261102816007E9, 0.0, 2022-12-19 10:01:50.281
82.0, -187500.02235174447, -187500.02235174447, -187500.02235174447, -187500.02235174447, -187500.02235174447, -187500.02235174447, -187500.02235174447, -187500.02235174447, -187500.02235174447, -187500.02235174447, -187500.02235174447, -187500.02235174447, -187500.02235174447, -187500.02235174447, -187500.02235174447, -187500.02235174447, 0.01, -0.038, 0.996, 192.0, 0.0, 0.0, 0.0, 0.0, 0.0, 0.0, 0.0, 0.0, 0.0, 1.6714261102816062E9, 0.0, 2022-12-19 10:01:50.281
84.0, -187500.02235174447, -187500.02235174447, -187500.02235174447, -187500.02235174447, -187500.02235174447, -187500.02235174447, -187500.02235174447, -187500.02235174447, -187500.02235174447, -187500.02235174447, -187500.02235174447, -187500.02235174447, -187500.02235174447, -187500.02235174447, -187500.02235174447, -187500.02235174447, 0.01, -0.036000000000000004, 1.0, 192.0, 0.0, 40.0, 127.0, 112.0, 15.5, 32.0, 0.0, 0.0, 0.0, 1.6714261102816117E9, 0.0, 2022-12-19 10:01:50.281
86.0, -187500.02235174447, -187500.02235174447, -187500.02235174447, -187500.02235174447, -187500.02235174447, -187500.02235174447, -187500.02235174447, -187500.02235174447, -187500.02235174447, -187500.02235174447, -187500.02235174447, -187500.02235174447, -187500.02235174447, -187500.02235174447, -187500.02235174447, -187500.02235174447, 0.01, -0.036000000000000004, 1.0, 192.0, 0.0, 0.0, 0.0, 0.0, 0.0, 0.0, 0.0, 0.0, 0.0, 1.6714261102816172E9, 0.0, 2022-12-19 10:01:50.281
88.0, -187500.02235174447, -187500.02235174447, -187500.02235174447, -187500.02235174447, -187500.02235174447, -187500.02235174447, -187500.02235174447, -187500.02235174447, -187500.02235174447, -187500.02235174447, -187500.02235174447, -187500.02235174447, -187500.02235174447, -187500.02235174447, -187500.02235174447, -187500.02235174447, 0.01, -0.036000000000000004, 1.0, 192.0, 0.0, 0.0, 0.0, 0.0, 0.0, 0.0, 0.0, 0.0, 0.0, 1.671426110281623E9, 0.0, 2022-12-19 10:01:50.281
90.0, -187500.02235174447, -187500.02235174447, -187500.02235174447, -187500.02235174447, -187500.02235174447, -187500.02235174447, -187500.02235174447, -187500.02235174447, -187500.02235174447, -187500.02235174447, -187500.02235174447, -187500.02235174447, -187500.02235174447, -187500.02235174447, -187500.02235174447, -187500.02235174447, 0.01, -0.036000000000000004, 1.0, 192.0, 0.0, 0.0, 0.0, 0.0, 0.0, 0.0, 0.0, 0.0, 0.0, 1.6714261102816284E9, 0.0, 2022-12-19 10:01:50.281
92.0, -187500.02235174447, -187500.02235174447, -187500.02235174447, -187500.02235174447, -187500.02235174447, -187500.02235174447, -187500.02235174447, -187500.02235174447, -187500.02235174447, -187500.02235174447, -187500.02235174447, -187500.02235174447, -187500.02235174447, -187500.02235174447, -187500.02235174447, -187500.02235174447, 0.01, -0.036000000000000004, 1.0, 192.0, 0.0, 0.0, 0.0, 0.0, 0.0, 0.0, 0.0, 0.0, 0.0, 1.671426110281634E9, 0.0, 2022-12-19 10:01:50.281
94.0, -187500.02235174447, -187500.02235174447, -187500.02235174447, -187500.02235174447, -187500.02235174447, -187500.02235174447, -187500.02235174447, -187500.02235174447, -187500.02235174447, -187500.02235174447, -187500.02235174447, -187500.02235174447, -187500.02235174447, -187500.02235174447, -187500.02235174447, -187500.02235174447, 0.008, -0.038, 0.998, 192.0, 0.0, 32.0, 127.0, 104.0, 15.5, 24.0, 0.0, 0.0, 0.0, 1.6714261102816396E9, 0.0, 2022-12-19 10:01:50.281
96.0, -187500.02235174447, -187500.02235174447, -187500.02235174447, -187500.02235174447, -187500.02235174447, -187500.02235174447, -187500.02235174447, -187500.02235174447, -187500.02235174447, -187500.02235174447, -187500.02235174447, -187500.02235174447, -187500.02235174447, -187500.02235174447, -187500.02235174447, -187500.02235174447, 0.008, -0.038, 0.998, 192.0, 0.0, 0.0, 0.0, 0.0, 0.0, 0.0, 0.0, 0.0, 0.0, 1.6714261102816465E9, 0.0, 2022-12-19 10:01:50.281
98.0, -187500.02235174447, -187500.02235174447, -187500.02235174447, -187500.02235174447, -187500.02235174447, -187500.02235174447, -187500.02235174447, -187500.02235174447, -187500.02235174447, -187500.02235174447, -187500.02235174447, -187500.02235174447, -187500.02235174447, -187500.02235174447, -187500.02235174447, -187500.02235174447, 0.008, -0.038, 0.998, 192.0, 0.0, 0.0, 0.0, 0.0, 0.0, 0.0, 0.0, 0.0, 0.0, 1.6714261102816522E9, 0.0, 2022-12-19 10:01:50.281
100.0, -187500.02235174447, -187500.02235174447, -187500.02235174447, -187500.02235174447, -187500.02235174447, -187500.02235174447, -187500.02235174447, -187500.02235174447, -187500.02235174447, -187500.02235174447, -187500.02235174447, -187500.02235174447, -187500.02235174447, -187500.02235174447, -187500.02235174447, -187500.02235174447, 0.008, -0.038, 0.998, 192.0, 0.0, 0.0, 0.0, 0.0, 0.0, 0.0, 0.0, 0.0, 0.0, 1.6714261102816577E9, 0.0, 2022-12-19 10:01:50.281
102.0, -187500.02235174447, -187500.02235174447, -187500.02235174447, -187500.02235174447, -187500.02235174447, -187500.02235174447, -187500.02235174447, -187500.02235174447, -187500.02235174447, -187500.02235174447, -187500.02235174447, -187500.02235174447, -187500.02235174447, -187500.02235174447, -187500.02235174447, -187500.02235174447, 0.008, -0.038, 0.998, 192.0, 0.0, 0.0, 0.0, 0.0, 0.0, 0.0, 0.0, 0.0, 0.0, 1.6714261102816632E9, 0.0, 2022-12-19 10:01:50.281
